0.000000000000000000e+00 4.000000000000000000e+01 9.000000000000000000e+00
4.004004004004003969e-02 3.987150325770815584e+01 9.035876046797495675e+00
8.008008008008007939e-02 3.974228265969413343e+01 9.071427044023272046e+00
1.201201201201201191e-01 3.961235836146055789e+01 9.106645434824597984e+00
1.601601601601601588e-01 3.948175064730301642e+01 9.141523728734377130e+00
2.002002002002001846e-01 3.935047755552648141e+01 9.176055234681962602e+00
2.402402402402402382e-01 3.921855775613888540e+01 9.210233166237275171e+00
2.802802802802802917e-01 3.908601313614335737e+01 9.244049853493596203e+00
3.203203203203203175e-01 3.895286551243707152e+01 9.277497763876654702e+00
3.603603603603603434e-01 3.881913662782459085e+01 9.310569503378678391e+00
4.004004004004003692e-01 3.868484815101793117e+01 9.343257816558393714e+00
4.404404404404404505e-01 3.855002167663651136e+01 9.375555586541027608e+00
4.804804804804804763e-01 3.841467872520716753e+01 9.407455835018300405e+00
5.205205205205205576e-01 3.827884074316416019e+01 9.438951722248440035e+00
5.605605605605605835e-01 3.814252910284917419e+01 9.470036547056167819e+00
6.006006006006006093e-01 3.800576510251131168e+01 9.500703746832703800e+00
6.406406406406406351e-01 3.786856996630709205e+01 9.530946897535768514e+00
6.806806806806806609e-01 3.773096484430046615e+01 9.560759713689581218e+00
7.207207207207206867e-01 3.759297081246278083e+01 9.590136048384861667e+00
7.607607607607607125e-01 3.745460887267282857e+01 9.619069893278826555e+00
8.008008008008007383e-01 3.731589995271681204e+01 9.647555378595189524e+00
8.408408408408408752e-01 3.717686490628834406e+01 9.675586773124168261e+00
8.808808808808809010e-01 3.703752451298848314e+01 9.703158484222475622e+00
9.209209209209209268e-01 3.689789947832567663e+01 9.730265057813326735e+00
9.609609609609609526e-01 3.675801043371581045e+01 9.756901178386430118e+00
1.001001001001001089e+00 3.661787793648218781e+01 9.783061668997998339e+00
1.041041041041041115e+00 3.647752246985554336e+01 9.808741491270742685e+00
1.081081081081081141e+00 3.633696444297400063e+01 9.833935745393869610e+00
1.121121121121121167e+00 3.619622419088314302e+01 9.858639670123089616e+00
1.161161161161161193e+00 3.605532197453593568e+01 9.882848642780606596e+00
1.201201201201201219e+00 3.591427798079278944e+01 9.906558179255128493e+00
1.241241241241241244e+00 3.577311232242152528e+01 9.929763934001858416e+00
1.281281281281281270e+00 3.563184503809739567e+01 9.952461700042501747e+00
1.321321321321321296e+00 3.549049609240305614e+01 9.974647408965259032e+00
1.361361361361361322e+00 3.534908537582858656e+01 9.996317130924833094e+00
1.401401401401401348e+00 3.520763270477150542e+01 1.001746707464242370e+01
1.441441441441441373e+00 3.506615782153672001e+01 1.003809358740573110e+01
1.481481481481481399e+00 3.492468039433658333e+01 1.005819315506895428e+01
1.521521521521521425e+00 3.478322001729085855e+01 1.007776240205278917e+01
1.561561561561561451e+00 3.464179621042673318e+01 1.009679809134443218e+01
1.601601601601601477e+00 3.450042841967881202e+01 1.011529712449758023e+01
1.641641641641641725e+00 3.435913601688910290e+01 1.013325654163242540e+01
1.681681681681681750e+00 3.421793829980707358e+01 1.015067352143566382e+01
1.721721721721721776e+00 3.407685449208957351e+01 1.016754538116048501e+01
1.761761761761761802e+00 3.393590374330089787e+01 1.018386957662658077e+01
1.801801801801801828e+00 3.379512330735462200e+01 1.019963321275788282e+01
1.841841841841841854e+00 3.365460714896397576e+01 1.021479095984791563e+01
1.881881881881881879e+00 3.351437455455325676e+01 1.022934085034743568e+01
1.921921921921921905e+00 3.337443535820379026e+01 1.024328633875830441e+01
1.961961961961961931e+00 3.323479929969493440e+01 1.025663088653786836e+01
2.002002002002002179e+00 3.309547602450412285e+01 1.026937796209895915e+01
2.042042042042042205e+00 3.295647508380685053e+01 1.028153104080989344e+01
2.082082082082082231e+00 3.281780593447668082e+01 1.029309360499447479e+01
2.122122122122122256e+00 3.267947793908523124e+01 1.030406914393198470e+01
2.162162162162162282e+00 3.254150036590217354e+01 1.031446115385719686e+01
2.202202202202202308e+00 3.240388238889525496e+01 1.032427313796036294e+01
2.242242242242242334e+00 3.226663308773027694e+01 1.033350860638722324e+01
2.282282282282282360e+00 3.212976144777110221e+01 1.034217107623900311e+01
2.322322322322322385e+00 3.199327636007966902e+01 1.035026407157240946e+01
2.362362362362362411e+00 3.185718662141595559e+01 1.035779112339963426e+01
2.402402402402402437e+00 3.172150093423801209e+01 1.036475576968835632e+01
2.442442442442442463e+00 3.158622790670196068e+01 1.037116155536173601e+01
2.482482482482482489e+00 3.145137605266196701e+01 1.037701203229842051e+01
2.522522522522522515e+00 3.131695379167027227e+01 1.038231075933254210e+01
2.562562562562562540e+00 3.118296944897717538e+01 1.038706130225371638e+01
2.602602602602602566e+00 3.104943125553102945e+01 1.039126723380704043e+01
2.642642642642642592e+00 3.091634734797826667e+01 1.039493213369310176e+01
2.682682682682682618e+00 3.078372576866335919e+01 1.039805958856796764e+01
2.722722722722722644e+00 3.065157446562886179e+01 1.040065319204319216e+01
2.762762762762762669e+00 3.051990129261537987e+01 1.040271654468581630e+01
2.802802802802802695e+00 3.038871400906158016e+01 1.040425325401835899e+01
2.842842842842842721e+00 3.025802028010419420e+01 1.040526693451882956e+01
2.882882882882882747e+00 3.012782767657801486e+01 1.040576120762072065e+01
2.922922922922922773e+00 2.999814367501589629e+01 1.040573970171300644e+01
2.962962962962962798e+00 2.986897565764875750e+01 1.040520605214014971e+01
3.003003003003002824e+00 2.974033091240557525e+01 1.040416390120209478e+01
3.043043043043042850e+00 2.961221663291338757e+01 1.040261689815427282e+01
3.083083083083082876e+00 2.948463991849730093e+01 1.040056869920759830e+01
3.123123123123122902e+00 2.935760777418047240e+01 1.039802296752847077e+01
3.163163163163162928e+00 2.923112711068413461e+01 1.039498337323877131e+01
3.203203203203202953e+00 2.910520474442757077e+01 1.039145359341587138e+01
3.243243243243243423e+00 2.897984739752813255e+01 1.038743731209262222e+01
3.283283283283283449e+00 2.885506169780122931e+01 1.038293822025736191e+01
3.323323323323323475e+00 2.873085417876033176e+01 1.037796001585391181e+01
3.363363363363363501e+00 2.860723127961698253e+01 1.037250640378157662e+01
3.403403403403403527e+00 2.848419934528076780e+01 1.036658109589515142e+01
3.443443443443443552e+00 2.836176462635935280e+01 1.036018781100490749e+01
3.483483483483483578e+00 2.823993327915845697e+01 1.035333027487660829e+01
3.523523523523523604e+00 2.811871136568186103e+01 1.034601222023149703e+01
3.563563563563563630e+00 2.799810485363141055e+01 1.033823738674630199e+01
3.603603603603603656e+00 2.787811961640700886e+01 1.033000952105323833e+01
3.643643643643643681e+00 2.775876143310662414e+01 1.032133237674000270e+01
3.683683683683683707e+00 2.764003598852628585e+01 1.031220971434977862e+01
3.723723723723723733e+00 2.752194887316008476e+01 1.030264530138123469e+01
3.763763763763763759e+00 2.740450558320017294e+01 1.029264291228852102e+01
3.803803803803803785e+00 2.728771152053676730e+01 1.028220632848127458e+01
3.843843843843843811e+00 2.717157199275814605e+01 1.027133933832461743e+01
3.883883883883883836e+00 2.705609221315064161e+01 1.026004573713915313e+01
3.923923923923923862e+00 2.694127730069866544e+01 1.024832932720097212e+01
3.963963963963963888e+00 2.682713228008466544e+01 1.023619391774164988e+01
4.004004004004004358e+00 2.671366208168917566e+01 1.022364332494824524e+01
4.044044044044044384e+00 2.660087154159077372e+01 1.021068137196330206e+01
4.084084084084084409e+00 2.648876540156611625e+01 1.019731188888484930e+01
4.124124124124124435e+00 2.637734830908991057e+01 1.018353871276639744e+01
4.164164164164164461e+00 2.626662481733492172e+01 1.016936568761694559e+01
4.204204204204204487e+00 2.615659938517199024e+01 1.015479666440097617e+01
4.244244244244244513e+00 2.604727637717000377e+01 1.013983550103845310e+01
4.284284284284284539e+00 2.593866006359592546e+01 1.012448606240482896e+01
4.324324324324324564e+00 2.583075462041477266e+01 1.010875222033103960e+01
4.364364364364364590e+00 2.572356412928962044e+01 1.009263785360350418e+01
4.404404404404404616e+00 2.561709257758161584e+01 1.007614684796412696e+01
4.444444444444444642e+00 2.551134385834996721e+01 1.005928309611029725e+01
4.484484484484484668e+00 2.540632177035192996e+01 1.004205049769489122e+01
4.524524524524524693e+00 2.530203001804283858e+01 1.002445295932626479e+01
4.564564564564564719e+00 2.519847221157608175e+01 1.000649439456825895e+01
4.604604604604604745e+00 2.509565186680310944e+01 9.988178723940205117e+00
4.644644644644644771e+00 2.499357240527344004e+01 9.969509874916912651e+00
4.684684684684684797e+00 2.489223715423463545e+01 9.950491781928677781e+00
4.724724724724724823e+00 2.479164934663234732e+01 9.931128386361281812e+00
4.764764764764764848e+00 2.469181212111026724e+01 9.911423636555991123e+00
4.804804804804804874e+00 2.459272852201015525e+01 9.891381487809553619e+00
4.844844844844844900e+00 2.449440149937183264e+01 9.871005902374205832e+00
4.884884884884884926e+00 2.439683390893318915e+01 9.850300849457667596e+00
4.924924924924924952e+00 2.430002851213016868e+01 9.829270305223140269e+00
4.964964964964964977e+00 2.420398797609677288e+01 9.807918252789312064e+00
5.005005005005005003e+00 2.410871487366507893e+01 9.786248682230358042e+00
5.045045045045045029e+00 2.401421168336521816e+01 9.764265590575934795e+00
5.085085085085085055e+00 2.392048078942537614e+01 9.741972981811182208e+00
5.125125125125125081e+00 2.382752448177181392e+01 9.719374866876727026e+00
5.165165165165165106e+00 2.373534495602884675e+01 9.696475263668682842e+00
5.205205205205205132e+00 2.364394431351885473e+01 9.673278197038643000e+00
5.245245245245245158e+00 2.355332456126228280e+01 9.649787698793687696e+00
5.285285285285285184e+00 2.346348761197762300e+01 9.626007807696382201e+00
5.325325325325325210e+00 2.337443528408144644e+01 9.601942569464775090e+00
5.365365365365365236e+00 2.328616930168837484e+01 9.577596036772398236e+00
5.405405405405405261e+00 2.319869129461110191e+01 9.552972269248273918e+00
5.445445445445445287e+00 2.311200279836037552e+01 9.528075333476900610e+00
5.485485485485485313e+00 2.302610525414500486e+01 9.502909302998268970e+00
5.525525525525525339e+00 2.294100000887186042e+01 9.477478258307847625e+00
5.565565565565565365e+00 2.285668831514588817e+01 9.451786286856595609e+00
5.605605605605605390e+00 2.277317133127007409e+01 9.425837483050955257e+00
5.645645645645645416e+00 2.269045012124548322e+01 9.399635948252846873e+00
5.685685685685685442e+00 2.260852565477122766e+01 9.373185790779682947e+00
5.725725725725725468e+00 2.252739880724450217e+01 9.346491125904359265e+00
5.765765765765765494e+00 2.244707035976054854e+01 9.319556075855253141e+00
5.805805805805805520e+00 2.236754099911266280e+01 9.292384769816230516e+00
5.845845845845845545e+00 2.228881131779222358e+01 9.264981343926637081e+00
5.885885885885885571e+00 2.221088181398865302e+01 9.237349941281307153e+00
5.925925925925925597e+00 2.213375289158945236e+01 9.209494711930556576e+00
5.965965965965965623e+00 2.205742486018016635e+01 9.181419812880188047e+00
6.006006006006005649e+00 2.198189793504440814e+01 9.153129408091487562e+00
6.046046046046045674e+00 2.190717223716386641e+01 9.124627668481227971e+00
6.086086086086085700e+00 2.183324779321827336e+01 9.095918771921661872e+00
6.126126126126125726e+00 2.176012453558542603e+01 9.067006903240528715e+00
6.166166166166165752e+00 2.168780230234119699e+01 9.037896254221056580e+00
6.206206206206205778e+00 2.161628083725949523e+01 9.008591023601953296e+00
6.246246246246245803e+00 2.154555978981232300e+01 8.979095417077409991e+00
6.286286286286285829e+00 2.147563871516971545e+01 8.949413647297108199e+00
6.326326326326325855e+00 2.140651707419979388e+01 8.919549933866207425e+00
6.366366366366365881e+00 2.133819423346872668e+01 8.889508503345357582e+00
6.406406406406405907e+00 2.127066946524073643e+01 8.859293589250690104e+00
6.446446446446446821e+00 2.120394194747813543e+01 8.828909432053819728e+00
6.486486486486486847e+00 2.113801076384126887e+01 8.798360279181848043e+00
6.526526526526526872e+00 2.107287490368856098e+01 8.767650385017361714e+00
6.566566566566566898e+00 2.100853326207649374e+01 8.736784010898428932e+00
6.606606606606606924e+00 2.094498463975960334e+01 8.705765425118604739e+00
6.646646646646646950e+00 2.088222774319050501e+01 8.674598902926929256e+00
6.686686686686686976e+00 2.082026118451984686e+01 8.643288726527925903e+00
6.726726726726727001e+00 2.075908348159637740e+01 8.611839185081601400e+00
6.766766766766767027e+00 2.069869305796687797e+01 8.580254574703449322e+00
6.806806806806807053e+00 2.063908824287619836e+01 8.548539198464444766e+00
6.846846846846847079e+00 2.058026727126725319e+01 8.516697366391055013e+00
6.886886886886887105e+00 2.052222828378101838e+01 8.484733395465221761e+00
6.926926926926927131e+00 2.046496932675653113e+01 8.452651609624377116e+00
6.966966966966967156e+00 2.040848835223089708e+01 8.420456339761434705e+00
7.007007007007007182e+00 2.035278321793926182e+01 8.388151923724798564e+00
7.047047047047047208e+00 2.029785168593012656e+01 8.355742707032142391e+00
7.087087087087087234e+00 2.024364623206268732e+01 8.323256031425973589e+00
7.127127127127127260e+00 2.019011892673755426e+01 8.290718202708607265e+00
7.167167167167167285e+00 2.013726539302362539e+01 8.258132752966510282e+00
7.207207207207207311e+00 2.008508127993000869e+01 8.225503177810477240e+00
7.247247247247247337e+00 2.003356226240601501e+01 8.192832936375630482e+00
7.287287287287287363e+00 1.998270404134117229e+01 8.160125451321420087e+00
7.327327327327327389e+00 1.993250234356521133e+01 8.127384108831623877e+00
7.367367367367367414e+00 1.988295292184808005e+01 8.094612258614350964e+00
7.407407407407407440e+00 1.983405155489992922e+01 8.061813213902034647e+00
7.447447447447447466e+00 1.978579404737112668e+01 8.028990251451439519e+00
7.487487487487487492e+00 1.973817622985223963e+01 7.996146611543657912e+00
7.527527527527527518e+00 1.969119395887405588e+01 7.963285497984109895e+00
7.567567567567567544e+00 1.964484311690756613e+01 7.930410078102542393e+00
7.607607607607607569e+00 1.959911961236397460e+01 7.897523482753032731e+00
7.647647647647647595e+00 1.955401937959468839e+01 7.864628806313986864e+00
7.687687687687687621e+00 1.950953837889133524e+01 7.831729106688136710e+00
7.727727727727727647e+00 1.946567259648574577e+01 7.798827405302543703e+00
7.767767767767767673e+00 1.942241804454996057e+01 7.765926687108597903e+00
7.807807807807807698e+00 1.937977076119623021e+01 7.733029900582017113e+00
7.847847847847847724e+00 1.933772681047701170e+01 7.700139957722847761e+00
7.887887887887887750e+00 1.929628228238498266e+01 7.667259734055464016e+00
7.927927927927927776e+00 1.925543329285302008e+01 7.634392068628568673e+00
7.967967967967967802e+00 1.921517598375421443e+01 7.601539764015192269e+00
8.008008008008008716e+00 1.917550652290186264e+01 7.568705586312693967e+00
8.048048048048048742e+00 1.913642110404947871e+01 7.535892265142762447e+00
8.088088088088088767e+00 1.909791594689077954e+01 7.503102493651411464e+00
8.128128128128128793e+00 1.905998729705969197e+01 7.470338928508986953e+00
8.168168168168168819e+00 1.902263142613035640e+01 7.437604189910159924e+00
8.208208208208208845e+00 1.898584463161712321e+01 7.404900861573931792e+00
8.248248248248248871e+00 1.894962323697454565e+01 7.372231490743630822e+00
8.288288288288288896e+00 1.891396359159739404e+01 7.339598588186913020e+00
8.328328328328328922e+00 1.887886207082064871e+01 7.307004628195764795e+00
8.368368368368368948e+00 1.884431507591948929e+01 7.274452048586500297e+00
8.408408408408408974e+00 1.881031903410932316e+01 7.241943250699760526e+00
8.448448448448449000e+00 1.877687039854574635e+01 7.209480599400515111e+00
8.488488488488489025e+00 1.874396564832457912e+01 7.177066423078062307e+00
8.528528528528529051e+00 1.871160128848185167e+01 7.144703013646029888e+00
8.568568568568569077e+00 1.867977384999379353e+01 7.112392626542371588e+00
8.608608608608609103e+00 1.864847988977685489e+01 7.080137480729370658e+00
8.648648648648649129e+00 1.861771599068768879e+01 7.047939758693638979e+00
8.688688688688689155e+00 1.858747876152315825e+01 7.015801606446115279e+00
8.728728728728729180e+00 1.855776483702033985e+01 6.983725133522068695e+00
8.768768768768769206e+00 1.852857087785652013e+01 6.951712412981094324e+00
8.808808808808809232e+00 1.849989357064918849e+01 6.919765481407116781e+00
8.848848848848849258e+00 1.847172962795605500e+01 6.887886338908388417e+00
8.888888888888889284e+00 1.844407578827502547e+01 6.856076949117490216e+00
8.928928928928929309e+00 1.841692881604422638e+01 6.824339239191331785e+00
8.968968968968969335e+00 1.839028550164199416e+01 6.792675099811151362e+00
9.009009009009009361e+00 1.836414266138686813e+01 6.761086385182512259e+00
9.049049049049049387e+00 1.833849713753760113e+01 6.729574913035309969e+00
9.089089089089089413e+00 1.831334579829315601e+01 6.698142464623765946e+00
9.129129129129129439e+00 1.828868553779270201e+01 6.666790784726432051e+00
9.169169169169169464e+00 1.826451327611562192e+01 6.635521581646185219e+00
9.209209209209209490e+00 1.824082595928150852e+01 6.604336527210233676e+00
9.249249249249249516e+00 1.821762055925016455e+01 6.573237256770111614e+00
9.289289289289289542e+00 1.819489407392159563e+01 6.542225369201684515e+00
9.329329329329329568e+00 1.817264352713602449e+01 6.511302426905141161e+00
9.369369369369369593e+00 1.815086596867388380e+01 6.480469955805004290e+00
9.409409409409409619e+00 1.812955847425580913e+01 6.449729445350119938e+00
9.449449449449449645e+00 1.810871814554264958e+01 6.419082348513666325e+00
9.489489489489489671e+00 1.808834211013547133e+01 6.388530081793146742e+00
9.529529529529529697e+00 1.806842752157553633e+01 6.358074025210395774e+00
9.569569569569569722e+00 1.804897155934432362e+01 6.327715522311573082e+00
9.609609609609609748e+00 1.802997142886352933e+01 6.297455880167169617e+00
9.649649649649649774e+00 1.801142436149504178e+01 6.267296369372003184e+00
9.689689689689689800e+00 1.799332761454097707e+01 6.237238224045218438e+00
9.729729729729729826e+00 1.797567847124364704e+01 6.207282641830291325e+00
9.769769769769769852e+00 1.795847424078558063e+01 6.177430783895022870e+00
9.809809809809809877e+00 1.794171225828951677e+01 6.147683774931545386e+00
9.849849849849849903e+00 1.792538988481840079e+01 6.118042703156317152e+00
9.889889889889889929e+00 1.790950450737538802e+01 6.088508620310125963e+00
9.929929929929929955e+00 1.789405353890384731e+01 6.059082541658086463e+00
9.969969969969969981e+00 1.787903441828735396e+01 6.029765445989644590e+00
1.001001001001001001e+01 1.786444461034969322e+01 6.000558275618569581e+00
1.005005005005005003e+01 1.785028160585485679e+01 5.971461936382963742e+00
1.009009009009009006e+01 1.783654292150705700e+01 5.942477297645255341e+00
1.013013013013013008e+01 1.782322609995070195e+01 5.913605192292202162e+00
1.017017017017017011e+01 1.781032870977042037e+01 5.884846416734887953e+00
1.021021021021021014e+01 1.779784834549104744e+01 5.856201730908725978e+00
1.025025025025025016e+01 1.778578262757762118e+01 5.827671858273459904e+00
1.029029029029029019e+01 1.777412920243540029e+01 5.799257485813157587e+00
1.033033033033033021e+01 1.776288574240984985e+01 5.770959264036218173e+00
1.037037037037037024e+01 1.775204994578663786e+01 5.742777806975368549e+00
1.041041041041041026e+01 1.774161953679164938e+01 5.714713692187663341e+00
1.045045045045045029e+01 1.773159226559097590e+01 5.686767460754483139e+00
1.049049049049049032e+01 1.772196590829092244e+01 5.658939617281542489e+00
1.053053053053053034e+01 1.771273826693799691e+01 5.631230629898880125e+00
1.057057057057057037e+01 1.770390716951892784e+01 5.603640930260862518e+00
1.061061061061061039e+01 1.769547046996064310e+01 5.576170913546186547e+00
1.065065065065065042e+01 1.768742604813028052e+01 5.548820938457875940e+00
1.069069069069069045e+01 1.767977180983519503e+01 5.521591327223285717e+00
1.073073073073073047e+01 1.767250568682294443e+01 5.494482365594091533e+00
1.077077077077077050e+01 1.766562563678130005e+01 5.467494302846306553e+00
1.081081081081081052e+01 1.765912964333824675e+01 5.440627351780266352e+00
1.085085085085085055e+01 1.765301571606196518e+01 5.413881688720639573e+00
1.089089089089089057e+01 1.764728189046086371e+01 5.387257453516415495e+00
1.093093093093093060e+01 1.764192622798354648e+01 5.360754749540919128e+00
1.097097097097097063e+01 1.763694681601883474e+01 5.334373643691799671e+00
1.101101101101101065e+01 1.763234176789575258e+01 5.308114166391037614e+00
1.105105105105105068e+01 1.762810922288354476e+01 5.281976311584935857e+00
1.109109109109109070e+01 1.762424734619165889e+01 5.255960036744133923e+00
1.113113113113113073e+01 1.762075432896974547e+01 5.230065262863591968e+00
1.117117117117117076e+01 1.761762838830767919e+01 5.204291874462603218e+00
1.121121121121121078e+01 1.761486776723553760e+01 5.178639719584786860e+00
1.125125125125125081e+01 1.761247073472360114e+01 5.153108609798092488e+00
1.129129129129129083e+01 1.761043558568237088e+01 5.127698320194793880e+00
1.133133133133133086e+01 1.760876064096255789e+01 5.102408589391499660e+00
1.137137137137137088e+01 1.760744424735506897e+01 5.077239119529138200e+00
1.141141141141141091e+01 1.760648477759103514e+01 5.052189576272974492e+00
1.145145145145145094e+01 1.760588063034179385e+01 5.027259588812594160e+00
1.149149149149149096e+01 1.760563023021888540e+01 5.002448749861919453e+00
1.153153153153153099e+01 1.760573202777406721e+01 4.977756615659192363e+00
1.157157157157157101e+01 1.760618449949930664e+01 4.953182705966989730e+00
1.161161161161161104e+01 1.760698614782677396e+01 4.928726504072212578e+00
1.165165165165165106e+01 1.760813550112885295e+01 4.904387456786091448e+00
1.169169169169169109e+01 1.760963111371814094e+01 4.880164974444188175e+00
1.173173173173173112e+01 1.761147156584744167e+01 4.856058430906385226e+00
1.177177177177177114e+01 1.761365546370976887e+01 4.832067163556902578e+00
1.181181181181181117e+01 1.761618143943833914e+01 4.808190473304280843e+00
1.185185185185185119e+01 1.761904815110659328e+01 4.784427624581395477e+00
1.189189189189189122e+01 1.762225428272816785e+01 4.760777845345442572e+00
1.193193193193193125e+01 1.762579506086841619e+01 4.737245911769247364e+00
1.197197197197197127e+01 1.762966407283196801e+01 4.713839585594439718e+00
1.201201201201201130e+01 1.763386002929177110e+01 4.690558659610385206e+00
1.205205205205205132e+01 1.763838169665973155e+01 4.667402850612592857e+00
1.209209209209209135e+01 1.764322784979726322e+01 4.644371874158263580e+00
1.213213213213213137e+01 1.764839727201527353e+01 4.621465444566294600e+00
1.217217217217217140e+01 1.765388875507417765e+01 4.598683274917274133e+00
1.221221221221221143e+01 1.765970109918390563e+01 4.576025077053486712e+00
1.225225225225225145e+01 1.766583311300387038e+01 4.553490561578907858e+00
1.229229229229229148e+01 1.767228361364300682e+01 4.531079437859206749e+00
1.233233233233233150e+01 1.767905142665973983e+01 4.508791414021747990e+00
1.237237237237237153e+01 1.768613538606201274e+01 4.486626196955586288e+00
1.241241241241241156e+01 1.769353433430725886e+01 4.464583492311474444e+00
1.245245245245245158e+01 1.770124712230241926e+01 4.442663004501853585e+00
1.249249249249249161e+01 1.770927260940394277e+01 4.420864436700862043e+00
1.253253253253253163e+01 1.771760966341777532e+01 4.399187490844330917e+00
1.257257257257257166e+01 1.772625716059937417e+01 4.377631867629782292e+00
1.261261261261261168e+01 1.773521398565369367e+01 4.356197266516435462e+00
1.265265265265265171e+01 1.774447903173519592e+01 4.334883385725201599e+00
1.269269269269269174e+01 1.775405120044784368e+01 4.313689922238682861e+00
1.273273273273273176e+01 1.776392940184510394e+01 4.292616571801179504e+00
1.277277277277277179e+01 1.777411255442995142e+01 4.271663028918681881e+00
1.281281281281281181e+01 1.778459958515485440e+01 4.250828986858874003e+00
1.285285285285285362e+01 1.779538942942179958e+01 4.230114137651134421e+00
1.289289289289289364e+01 1.780648103108226366e+01 4.209518172086536225e+00
1.293293293293293367e+01 1.781787334243723464e+01 4.189040779717844387e+00
1.297297297297297369e+01 1.782956532423720475e+01 4.168681648859515754e+00
1.301301301301301372e+01 1.784155594568215975e+01 4.148440466587704378e+00
1.305305305305305374e+01 1.785384418442160381e+01 4.128316918740253527e+00
1.309309309309309377e+01 1.786642902655453469e+01 4.108310689916704561e+00
1.313313313313313380e+01 1.787930946662945431e+01 4.088421463478288942e+00
1.317317317317317382e+01 1.789248450764437237e+01 4.068648921547932673e+00
1.321321321321321385e+01 1.790595316104680279e+01 4.048992745010255412e+00
1.325325325325325387e+01 1.791971444673376013e+01 4.029452613511569581e+00
1.329329329329329390e+01 1.793376739305175960e+01 4.010028205459882145e+00
1.333333333333333393e+01 1.794811103679682418e+01 3.990719198024891501e+00
1.337337337337337395e+01 1.796274442321448461e+01 3.971525267137992365e+00
1.341341341341341398e+01 1.797766660599976518e+01 3.952446087492270888e+00
1.345345345345345400e+01 1.799287664729719793e+01 3.933481332542506870e+00
1.349349349349349403e+01 1.800837361770082623e+01 3.914630674505174657e+00
1.353353353353353405e+01 1.802415659625419053e+01 3.895893784358441359e+00
1.357357357357357408e+01 1.804022467045032840e+01 3.877270331842166406e+00
1.361361361361361411e+01 1.805657693623179227e+01 3.858759985457905106e+00
1.365365365365365413e+01 1.807321249799063168e+01 3.840362412468904196e+00
1.369369369369369416e+01 1.809013046856840390e+01 3.822077278900104957e+00
1.373373373373373418e+01 1.810732996925616689e+01 3.803904249538141880e+00
1.377377377377377421e+01 1.812481012979448636e+01 3.785842987931342662e+00
1.381381381381381424e+01 1.814257008837342156e+01 3.767893156389728215e+00
1.385385385385385426e+01 1.816060899163254660e+01 3.750054415985013989e+00
1.389389389389389429e+01 1.817892599466093273e+01 3.732326426550607756e+00
1.393393393393393431e+01 1.819752026099716247e+01 3.714708846681611387e+00
1.397397397397397434e+01 1.821639096262930835e+01 3.697201333734819961e+00
1.401401401401401436e+01 1.823553727999496132e+01 3.679803543828722212e+00
1.405405405405405439e+01 1.825495840198120590e+01 3.662515131843500527e+00
1.409409409409409442e+01 1.827465352592463432e+01 3.645335751421030057e+00
1.413413413413413444e+01 1.829462185761134307e+01 3.628265054964879610e+00
1.417417417417417447e+01 1.831486261127693282e+01 3.611302693640312533e+00
1.421421421421421449e+01 1.833537500960649780e+01 3.594448317374284052e+00
1.425425425425425452e+01 1.835615828373465419e+01 3.577701574855443489e+00
1.429429429429429455e+01 1.837721167324550819e+01 3.561062113534134266e+00
1.433433433433433457e+01 1.839853442617267376e+01 3.544529579622392124e+00
1.437437437437437460e+01 1.842012579899926195e+01 3.528103618093947347e+00
1.441441441441441462e+01 1.844198505665790577e+01 3.511783872684222985e+00
1.445445445445445465e+01 1.846411147253071761e+01 3.495569985890335296e+00
1.449449449449449467e+01 1.848650432844933178e+01 3.479461598971095082e+00
1.453453453453453470e+01 1.850916291469487973e+01 3.463458351947005909e+00
1.457457457457457473e+01 1.853208652999799355e+01 3.447559883600264108e+00
1.461461461461461475e+01 1.855527448153882020e+01 3.431765831474761441e+00
1.465465465465465478e+01 1.857872608494699307e+01 3.416075831876081104e+00
1.469469469469469480e+01 1.860244066430166043e+01 3.400489519871500832e+00
1.473473473473473483e+01 1.862641755213147832e+01 3.385006529289991128e+00
1.477477477477477485e+01 1.865065608941459274e+01 3.369626492722217481e+00
1.481481481481481488e+01 1.867515562557866815e+01 3.354349041520536367e+00
1.485485485485485491e+01 1.869991551850085898e+01 3.339173805799000139e+00
1.489489489489489493e+01 1.872493513450783098e+01 3.324100414433353023e+00
1.493493493493493496e+01 1.875021384837575766e+01 3.309128495061033792e+00
1.497497497497497498e+01 1.877575104333030254e+01 3.294257674081173981e+00
1.501501501501501501e+01 1.880154611104664752e+01 3.279487576654598335e+00
1.505505505505505504e+01 1.882759845164947166e+01 3.264817826703825254e+00
1.509509509509509506e+01 1.885390747371295461e+01 3.250248046913067679e+00
1.513513513513513509e+01 1.888047259426078384e+01 3.235777858728230871e+00
1.517517517517517511e+01 1.890729323876614743e+01 3.221406882356913748e+00
1.521521521521521514e+01 1.893436884115174479e+01 3.207134736768409766e+00
1.525525525525525516e+01 1.896169884378976889e+01 3.192961039693702485e+00
1.529529529529529519e+01 1.898928269750192044e+01 3.178885407625473114e+00
1.533533533533533522e+01 1.901711986155940437e+01 3.164907455818094295e+00
1.537537537537537524e+01 1.904520980368292982e+01 3.151026798287632325e+00
1.541541541541541527e+01 1.907355200004271012e+01 3.137243047811846708e+00
1.545545545545545529e+01 1.910214593525845928e+01 3.123555815930190604e+00
1.549549549549549532e+01 1.913099110239939904e+01 3.109964712943811715e+00
1.553553553553553535e+01 1.916008700298424827e+01 3.096469347915548731e+00
1.557557557557557537e+01 1.918943314698123359e+01 3.083069328669936215e+00
1.561561561561561540e+01 1.921902905280808582e+01 3.069764261793201054e+00
1.565565565565565542e+01 1.924887424733204000e+01 3.056553752633263343e+00
1.569569569569569545e+01 1.927896826586983536e+01 3.043437405299738163e+00
1.573573573573573547e+01 1.930931065218770826e+01 3.030414822663932028e+00
1.577577577577577550e+01 1.933990095850140989e+01 3.017485606358846439e+00
1.581581581581581553e+01 1.937073874547618146e+01 3.004649356779175662e+00
1.585585585585585555e+01 1.940182358222677905e+01 2.991905673081307171e+00
1.589589589589589558e+01 1.943315504631745938e+01 2.979254153183322540e+00
1.593593593593593560e+01 1.946473272376197627e+01 2.966694393764996995e+00
1.597597597597597563e+01 1.949655620902359843e+01 2.954225990267797641e+00
1.601601601601601743e+01 1.952862510501509163e+01 2.941848536894886568e+00
1.605605605605605746e+01 1.956093902309872590e+01 2.929561626611119962e+00
1.609609609609609748e+01 1.959349758308626832e+01 2.917364851143045890e+00
1.613613613613613751e+01 1.962630041323900798e+01 2.905257800978906069e+00
1.617617617617617753e+01 1.965934715026772039e+01 2.893240065368637204e+00
1.621621621621621756e+01 1.969263743933268529e+01 2.881311232323866989e+00
1.625625625625625759e+01 1.972617093404370081e+01 2.869470888617917659e+00
1.629629629629629761e+01 1.975994729646005155e+01 2.857718619785805991e+00
1.633633633633633764e+01 1.979396619709053695e+01 2.846054010124241529e+00
1.637637637637637766e+01 1.982822731489345713e+01 2.834476642691626580e+00
1.641641641641641769e+01 1.986273033727661286e+01 2.822986099308057995e+00
1.645645645645645772e+01 1.989747496009731265e+01 2.811581960555324944e+00
1.649649649649649774e+01 1.993246088766236568e+01 2.800263805776911141e+00
1.653653653653653777e+01 1.996768783272808179e+01 2.789031213077992621e+00
1.657657657657657779e+01 2.000315551650028922e+01 2.777883759325440849e+00
1.661661661661661782e+01 2.003886366863429913e+01 2.766821020147818722e+00
1.665665665665665784e+01 2.007481202723494107e+01 2.755842569935382791e+00
1.669669669669669787e+01 2.011100033885654526e+01 2.744947981840084150e+00
1.673673673673673790e+01 2.014742835850293901e+01 2.734136827775566658e+00
1.677677677677677792e+01 2.018409584962746095e+01 2.723408678417167827e+00
1.681681681681681795e+01 2.022100258413295037e+01 2.712763103201919268e+00
1.685685685685685797e+01 2.025814834237175077e+01 2.702199670328544023e+00
1.689689689689689800e+01 2.029553291314570984e+01 2.691717946757461011e+00
1.693693693693693803e+01 2.033315609370617594e+01 2.681317498210781469e+00
1.697697697697697805e+01 2.037101768975400518e+01 2.670997889172309403e+00
1.701701701701701808e+01 2.040911751543955077e+01 2.660758682887544690e+00
1.705705705705705810e+01 2.044745539336268081e+01 2.650599441363676867e+00
1.709709709709709813e+01 2.048603115457275692e+01 2.640519725369592230e+00
1.713713713713713815e+01 2.052484463856864494e+01 2.630519094435868954e+00
1.717717717717717818e+01 2.056389569329872202e+01 2.620597106854780201e+00
1.721721721721721821e+01 2.060318417516086242e+01 2.610753319680291007e+00
1.725725725725725823e+01 2.064270994900244460e+01 2.600987288728060065e+00
1.729729729729729826e+01 2.068247288812035478e+01 2.591298568575439720e+00
1.733733733733733828e+01 2.072247287426097628e+01 2.581686712561475971e+00
1.737737737737737831e+01 2.076270979762020374e+01 2.572151272786908915e+00
1.741741741741741833e+01 2.080318355684342535e+01 2.562691800114171414e+00
1.745745745745745836e+01 2.084389405902554415e+01 2.553307844167388208e+00
1.749749749749749839e+01 2.088484121971095675e+01 2.543998953332380353e+00
1.753753753753753841e+01 2.092602496289357461e+01 2.534764674756661673e+00
1.757757757757757844e+01 2.096744522101680275e+01 2.525604554349436981e+00
1.761761761761761846e+01 2.100910193497355394e+01 2.516518136781609183e+00
1.765765765765765849e+01 2.105099505410624516e+01 2.507504965485768622e+00
1.769769769769769852e+01 2.109312453620679406e+01 2.498564582656204625e+00
1.773773773773773854e+01 2.113549034751662603e+01 2.489696529248897949e+00
1.777777777777777857e+01 2.117809246272666712e+01 2.480900344981520345e+00
1.781781781781781859e+01 2.122093086497734760e+01 2.472175568333442097e+00
1.785785785785785862e+01 2.126400265213097640e+01 2.463522599240965061e+00
1.789789789789789864e+01 2.130729683817639852e+01 2.454944332037030996e+00
1.793793793793793867e+01 2.135081278120533810e+01 2.446440681261682570e+00
1.797797797797797870e+01 2.139455095742809476e+01 2.438011233734917127e+00
1.801801801801801872e+01 2.143851183277129735e+01 2.429655580292525485e+00
1.805805805805805875e+01 2.148269586287789323e+01 2.421373315786090163e+00
1.809809809809809877e+01 2.152710349310715898e+01 2.413164039082986712e+00
1.813813813813813880e+01 2.157173515853468615e+01 2.405027353066382823e+00
1.817817817817817883e+01 2.161659128395240259e+01 2.396962864635239221e+00
1.821821821821821885e+01 2.166167228386855470e+01 2.388970184704310107e+00
1.825825825825825888e+01 2.170697856250770386e+01 2.381048928204140935e+00
1.829829829829829890e+01 2.175251051381074419e+01 2.373198714081070193e+00
1.833833833833833893e+01 2.179826852143489546e+01 2.365419165297229842e+00
1.837837837837837895e+01 2.184425295875369244e+01 2.357709908830543544e+00
1.841841841841841898e+01 2.189046418885700263e+01 2.350070575674727547e+00
1.845845845845845901e+01 2.193690256455100851e+01 2.342500800839292019e+00
1.849849849849849903e+01 2.198356842835822533e+01 2.335000223349537940e+00
1.853853853853853906e+01 2.203046211251748332e+01 2.327568486246560209e+00
1.857857857857857908e+01 2.207758393898394189e+01 2.320205236587245867e+00
1.861861861861861911e+01 2.212493421942908256e+01 2.312910125444275433e+00
1.865865865865865914e+01 2.217251325524071248e+01 2.305682807906120679e+00
1.869869869869869916e+01 2.222032133752296090e+01 2.298522943077046854e+00
1.873873873873873919e+01 2.226835874709627205e+01 2.291430194077111793e+00
1.877877877877877921e+01 2.231662575449743358e+01 2.284404228042166363e+00
1.881881881881881924e+01 2.236512261997953743e+01 2.277444716123852686e+00
1.885885885885885926e+01 2.241384959351201189e+01 2.270551333489607249e+00
1.889889889889889929e+01 2.246280691478060376e+01 2.263723759322658236e+00
1.893893893893893932e+01 2.251199481318737838e+01 2.256961676822026419e+00
1.897897897897897934e+01 2.256141350785073740e+01 2.250264773202525603e+00
1.901901901901901937e+01 2.261106320760539745e+01 2.243632739694762179e+00
1.905905905905905939e+01 2.266094411100239725e+01 2.237065271545134681e+00
1.909909909909909942e+01 2.271105640630910472e+01 2.230562068015835120e+00
1.913913913913913944e+01 2.276140027150920986e+01 2.224122832384847648e+00
1.917917917917917947e+01 2.281197587430272478e+01 2.217747271945949006e+00
1.921921921921921950e+01 2.286278337210598366e+01 2.211435098008708522e+00
1.925925925925925952e+01 2.291382291205165345e+01 2.205186025898488555e+00
1.929929929929929955e+01 2.296509463098870896e+01 2.198999774956443609e+00
1.933933933933933957e+01 2.301659865548246842e+01 2.192876068539521661e+00
1.937937937937937960e+01 2.306833510181455438e+01 2.186814634020462833e+00
1.941941941941941963e+01 2.312030407598292570e+01 2.180815202787798945e+00
1.945945945945945965e+01 2.317250567370185976e+01 2.174877510245856627e+00
1.949949949949949968e+01 2.322493998040195962e+01 2.169001295814752872e+00
1.953953953953953970e+01 2.327760707123015038e+01 2.163186302930398597e+00
1.957957957957957973e+01 2.333050701104968638e+01 2.157432279044496859e+00
1.961961961961961975e+01 2.338363985444013338e+01 2.151738975624544636e+00
1.965965965965965978e+01 2.343700564569739342e+01 2.146106148153829274e+00
1.969969969969969981e+01 2.349060441883369066e+01 2.140533556131432924e+00
1.973973973973973983e+01 2.354443619757755712e+01 2.135020963072228994e+00
1.977977977977977986e+01 2.359850099537387536e+01 2.129568136506883924e+00
1.981981981981981988e+01 2.365279881538382512e+01 2.124174847981857184e+00
1.985985985985985991e+01 2.370732965048492957e+01 2.118840873059400831e+00
1.989989989989989994e+01 2.376209348327102688e+01 2.113565991317558623e+00
1.993993993993993996e+01 2.381709028605227374e+01 2.108349986350168237e+00
1.997997997997997999e+01 2.387232002085516669e+01 2.103192645766858604e+00
2.002002002002002001e+01 2.392778263942250661e+01 2.098093761193053020e+00
2.006006006006006004e+01 2.398347808321343066e+01 2.093053128269966479e+00
2.010010010010010006e+01 2.403940628340339813e+01 2.088070546654606119e+00
2.014014014014014009e+01 2.409556716088418682e+01 2.083145820019772554e+00
2.018018018018018012e+01 2.415196062626390372e+01 2.078278756054058540e+00
2.022022022022022014e+01 2.420858657986697438e+01 2.073469166461849866e+00
2.026026026026026017e+01 2.426544491173415707e+01 2.068716866963325351e+00
2.030030030030030019e+01 2.432253550162252154e+01 2.064021677294454626e+00
2.034034034034034022e+01 2.437985821900547023e+01 2.059383421207002129e+00
2.038038038038038025e+01 2.443741292307272772e+01 2.054801926468523998e+00
2.042042042042042027e+01 2.449519946273033355e+01 2.050277024862368958e+00
2.046046046046046030e+01 2.455321767660066712e+01 2.045808552187678320e+00
2.050050050050050032e+01 2.461146739302241926e+01 2.041396348259385984e+00
2.054054054054054035e+01 2.466994843005060289e+01 2.037040256908219327e+00
2.058058058058058037e+01 2.472866059545656725e+01 2.032740125980697865e+00
2.062062062062062040e+01 2.478760368672797298e+01 2.028495807339132817e+00
2.066066066066066043e+01 2.484677749106880995e+01 2.024307156861629320e+00
2.070070070070070045e+01 2.490618178539939009e+01 2.020174034442084654e+00
2.074074074074074048e+01 2.496581633635635455e+01 2.016096303990189131e+00
2.078078078078078050e+01 2.502568090029265591e+01 2.012073833431425207e+00
2.082082082082082053e+01 2.508577522327757947e+01 2.008106494707067924e+00
2.086086086086086056e+01 2.514609904109673622e+01 2.004194163774185355e+00
2.090090090090090058e+01 2.520665207925205209e+01 2.000336720605638163e+00
2.094094094094094061e+01 2.526743405296178224e+01 1.996534049190079152e+00
2.098098098098098063e+01 2.532844466716051102e+01 1.992786037531954602e+00
2.102102102102102066e+01 2.538968361649913419e+01 1.989092577651502936e+00
2.106106106106106068e+01 2.545115058534488028e+01 1.985453565584755165e+00
2.110110110110110071e+01 2.551284524778129637e+01 1.981868901383535331e+00
2.114114114114114074e+01 2.557476726760825514e+01 1.978338489115459398e+00
2.118118118118118076e+01 2.563691629834195851e+01 1.974862236863936804e+00
2.122122122122122079e+01 2.569929198321491981e+01 1.971440056728169132e+00
2.126126126126126081e+01 2.576189395517598513e+01 1.968071864823150996e+00
2.130130130130130084e+01 2.582472183689032263e+01 1.964757581279668930e+00
2.134134134134134086e+01 2.588777524073942260e+01 1.961497130244302944e+00
2.138138138138138089e+01 2.595105376882110448e+01 1.958290439879425193e+00
2.142142142142142092e+01 2.601455701294949918e+01 1.955137442363200639e+00
2.146146146146146094e+01 2.607828455465507744e+01 1.952038073889586833e+00
2.150150150150150097e+01 2.614223596518461790e+01 1.948992274668334135e+00
2.154154154154154099e+01 2.620641080550123547e+01 1.945999988924985269e+00
2.158158158158158102e+01 2.627080862628436009e+01 1.943061164900875770e+00
2.162162162162162105e+01 2.633542896792975085e+01 1.940175754853133760e+00
2.166166166166166107e+01 2.640027136054948542e+01 1.937343715054680171e+00
2.170170170170170110e+01 2.646533532397197064e+01 1.934565005794228520e+00
2.174174174174174112e+01 2.653062036774193544e+01 1.931839591376284471e+00
2.178178178178178115e+01 2.659612599112042730e+01 1.929167440121147381e+00
2.182182182182182117e+01 2.666185168308482645e+01 1.926548524364908088e+00
2.186186186186186120e+01 2.672779692232883164e+01 1.923982820459450904e+00
2.190190190190190123e+01 2.679396117726246018e+01 1.921470308772452285e+00
2.194194194194194125e+01 2.686034390601206212e+01 1.919010973687381716e+00
2.198198198198198128e+01 2.692694455642030960e+01 1.916604803603501272e+00
2.202202202202202130e+01 2.699376256604619329e+01 1.914251790935865394e+00
2.206206206206206133e+01 2.706079736216502951e+01 1.911951932115321107e+00
2.210210210210210136e+01 2.712804836176846379e+01 1.909705227588508691e+00
2.214214214214214138e+01 2.719551497156445663e+01 1.907511681817860349e+00
2.218218218218218141e+01 2.726319658797729417e+01 1.905371303281601314e+00
2.222222222222222143e+01 2.733109259714759887e+01 1.903284104473749849e+00
2.226226226226226146e+01 2.739920237493229394e+01 1.901250101904115919e+00
2.230230230230230148e+01 2.746752528690464601e+01 1.899269316098302962e+00
2.234234234234234151e+01 2.753606068835424026e+01 1.897341771597706117e+00
2.238238238238238154e+01 2.760480792428697683e+01 1.895467496959514442e+00
2.242242242242242156e+01 2.767376632942508863e+01 1.893646524756708915e+00
2.246246246246246159e+01 2.774293522820713065e+01 1.891878891578063104e+00
2.250250250250250161e+01 2.781231393478797997e+01 1.890164638028143163e+00
2.254254254254254164e+01 2.788190175303883933e+01 1.888503808727308275e+00
2.258258258258258167e+01 2.795169797654723354e+01 1.886896452311709771e+00
2.262262262262262169e+01 2.802170188861700950e+01 1.885342621433292454e+00
2.266266266266266172e+01 2.809191276226834333e+01 1.883842372759792605e+00
2.270270270270270174e+01 2.816232986023772611e+01 1.882395766974740425e+00
2.274274274274274177e+01 2.823295243497797813e+01 1.881002868777457593e+00
2.278278278278278179e+01 2.830377972865824887e+01 1.879663746883059261e+00
2.282282282282282182e+01 2.837481097316399925e+01 1.878378474022452504e+00
2.286286286286286185e+01 2.844604539009702293e+01 1.877147126942338096e+00
2.290290290290290187e+01 2.851748219077543212e+01 1.875969786405208284e+00
2.294294294294294190e+01 2.858912057623366820e+01 1.874846537189348572e+00
2.298298298298298192e+01 2.866095973722249113e+01 1.873777468088837272e+00
2.302302302302302195e+01 2.873299885420898647e+01 1.872762671913544619e+00
2.306306306306306197e+01 2.880523709737656546e+01 1.871802245489134542e+00
2.310310310310310200e+01 2.887767362662495430e+01 1.870896289657062894e+00
2.314314314314314203e+01 2.895030759157021905e+01 1.870044909274577893e+00
2.318318318318318205e+01 2.902313813154473365e+01 1.869248213214721233e+00
2.322322322322322208e+01 2.909616437559720126e+01 1.868506314366326526e+00
2.326326326326326210e+01 2.916938544249265419e+01 1.867819329634020864e+00
2.330330330330330213e+01 2.924280044071243978e+01 1.867187379938222591e+00
2.334334334334334216e+01 2.931640846845423454e+01 1.866610590215144416e+00
2.338338338338338218e+01 2.939020861363204062e+01 1.866089089416790747e+00
2.342342342342342221e+01 2.946419995387616808e+01 1.865623010510958135e+00
2.346346346346346223e+01 2.953838155653327391e+01 1.865212490481237051e+00
2.350350350350350226e+01 2.961275247866633009e+01 1.864857670327009664e+00
2.354354354354354228e+01 2.968731176705461650e+01 1.864558695063450733e+00
2.358358358358358231e+01 2.976205845819376350e+01 1.864315713721528489e+00
2.362362362362362234e+01 2.983699157829570225e+01 1.864128879348002865e+00
2.366366366366366236e+01 2.991211014328870377e+01 1.863998349005427269e+00
2.370370370370370239e+01 2.998741315881735403e+01 1.863924283772147250e+00
2.374374374374374241e+01 3.006289962024256113e+01 1.863906848742300948e+00
2.378378378378378244e+01 3.013856851264156234e+01 1.863946213025819310e+00
2.382382382382382247e+01 3.021441881080792058e+01 1.864042549748426314e+00
2.386386386386386249e+01 3.029044947925151376e+01 1.864196036051637639e+00
2.390390390390390252e+01 3.036665947219854544e+01 1.864406853092762439e+00
2.394394394394394254e+01 3.044304773359154836e+01 1.864675186044902233e+00
2.398398398398398257e+01 3.051961319708938802e+01 1.865001224096951349e+00
2.402402402402402259e+01 3.059635478606722359e+01 1.865385160453596258e+00
2.406406406406406262e+01 3.067327141361656473e+01 1.865827192335316687e+00
2.410410410410410265e+01 3.075036198254523612e+01 1.866327520978384502e+00
2.414414414414414267e+01 3.082762538537738095e+01 1.866886351634864827e+00
2.418418418418418270e+01 3.090506050435347873e+01 1.867503893572614704e+00
2.422422422422422272e+01 3.098266621143032040e+01 1.868180360075284208e+00
2.426426426426426275e+01 3.106044136828102609e+01 1.868915968442316222e+00
2.430430430430430278e+01 3.113838482629504156e+01 1.869710939988945775e+00
2.434434434434434280e+01 3.121649542657812759e+01 1.870565500046201146e+00
2.438438438438438283e+01 3.129477199995237768e+01 1.871479877960902538e+00
2.442442442442442285e+01 3.137321336695620744e+01 1.872454307095663628e+00
2.446446446446446288e+01 3.145181833784435099e+01 1.873489024828890015e+00
2.450450450450450290e+01 3.153058571258787879e+01 1.874584272554780551e+00
2.454454454454454293e+01 3.160951428087416204e+01 1.875740295683326009e+00
2.458458458458458296e+01 3.168860282210691537e+01 1.876957343640310416e+00
2.462462462462462298e+01 3.176785010540617549e+01 1.878235669867310609e+00
2.466466466466466301e+01 3.184725488960829409e+01 1.879575531821695122e+00
2.470470470470470303e+01 3.192681592326595563e+01 1.880977190976625968e+00
2.474474474474474306e+01 3.200653194464815954e+01 1.882440912821057521e+00
2.478478478478478308e+01 3.208640168174022733e+01 1.883966966859736969e+00
2.482482482482482311e+01 3.216642385224381684e+01 1.885555626613203639e+00
2.486486486486486314e+01 3.224659716357690087e+01 1.887207169617790559e+00
2.490490490490490316e+01 3.232692031287378143e+01 1.888921877425622231e+00
2.494494494494494319e+01 3.240739198698507550e+01 1.890700035604615969e+00
2.498498498498498321e+01 3.248801086247772929e+01 1.892541933738482784e+00
2.502502502502502324e+01 3.256877560563501106e+01 1.894447865426724942e+00
2.506506506506506327e+01 3.264968487245651829e+01 1.896418128284638627e+00
2.510510510510510329e+01 3.273073730865815634e+01 1.898453023943311280e+00
2.514514514514514332e+01 3.281193154967218106e+01 1.900552858049624483e+00
2.518518518518518334e+01 3.289326622064714201e+01 1.902717940266251517e+00
2.522522522522522337e+01 3.297473993644793211e+01 1.904948584271658252e+00
2.526526526526526339e+01 3.305635130165577351e+01 1.907245107760103586e+00
2.530530530530530342e+01 3.313809891056818202e+01 1.909607832441639452e+00
2.534534534534534345e+01 3.321998134719902396e+01 1.912037084042108814e+00
2.538538538538538347e+01 3.330199718527848773e+01 1.914533192303149445e+00
2.542542542542542350e+01 3.338414498825306964e+01 1.917096490982190371e+00
2.546546546546546352e+01 3.346642330928560227e+01 1.919727317852453208e+00
2.550550550550550355e+01 3.354883069125524031e+01 1.922426014702953267e+00
2.554554554554554358e+01 3.363136566675746764e+01 1.925192927338497118e+00
2.558558558558558360e+01 3.371402675810406890e+01 1.928028405579685467e+00
2.562562562562562363e+01 3.379681247732317217e+01 1.930932803262910280e+00
2.566566566566566721e+01 3.387972132615924892e+01 1.933906478240357885e+00
2.570570570570570723e+01 3.396275179607303585e+01 1.936949792380004531e+00
2.574574574574574726e+01 3.404590236824164151e+01 1.940063111565621501e+00
2.578578578578578728e+01 3.412917151355848944e+01 1.943246805696771551e+00
2.582582582582582731e+01 3.421255769263332525e+01 1.946501248688811136e+00
2.586586586586586733e+01 3.429605935579220244e+01 1.949826818472888856e+00
2.590590590590590736e+01 3.437967494307752503e+01 1.953223896995945008e+00
2.594594594594594739e+01 3.446340288424799070e+01 1.956692870220713587e+00
2.598598598598598741e+01 3.454724159877865475e+01 1.960234128125721398e+00
2.602602602602602744e+01 3.463118949586085904e+01 1.963848064705286722e+00
2.606606606606606746e+01 3.471524497440230306e+01 1.967535077969521762e+00
2.610610610610610749e+01 3.479940642302699416e+01 1.971295569944330861e+00
2.614614614614614752e+01 3.488367222007525470e+01 1.975129946671410952e+00
2.618618618618618754e+01 3.496804073360374332e+01 1.979038618208251332e+00
2.622622622622622757e+01 3.505251032138544076e+01 1.983021998628134330e+00
2.626626626626626759e+01 3.513707933090965696e+01 1.987080506020135084e+00
2.630630630630630762e+01 3.522174609938201684e+01 1.991214562489120876e+00
2.634634634634634764e+01 3.530650895372445319e+01 1.995424594155752018e+00
2.638638638638638767e+01 3.539136621057526355e+01 1.999711031156481189e+00
2.642642642642642770e+01 3.547631617628902490e+01 2.004074307643554320e+00
2.646646646646646772e+01 3.556135714693667893e+01 2.008514861785008598e+00
2.650650650650650775e+01 3.564648740830545393e+01 2.013033135764676018e+00
2.654654654654654777e+01 3.573170523589892866e+01 2.017629575782178719e+00
2.658658658658658780e+01 3.581700889493698980e+01 2.022304632052933648e+00
2.662662662662662783e+01 3.590239664035584610e+01 2.027058758808149008e+00
2.666666666666666785e+01 3.598786671680805682e+01 2.031892414294826033e+00
2.670670670670670788e+01 3.607341735866246779e+01 2.036806060775759430e+00
2.674674674674674790e+01 3.615904729922826988e+01 2.041798090299098423e+00
2.678678678678678793e+01 3.624475694343107790e+01 2.046857494133404565e+00
2.682682682682682795e+01 3.633054312200371783e+01 2.051983814209916712e+00
2.686686686686686798e+01 3.641640208007872559e+01 2.057178508397303318e+00
2.690690690690690801e+01 3.650233001321232251e+01 2.062443029508862935e+00
2.694694694694694803e+01 3.658832306738445084e+01 2.067778825302524215e+00
2.698698698698698806e+01 3.667437733899871688e+01 2.073187338480847242e+00
2.702702702702702808e+01 3.676048887488244077e+01 2.078670006691022198e+00
2.706706706706706811e+01 3.684665367228664223e+01 2.084228262524870257e+00
2.710710710710710813e+01 3.693286767888601219e+01 2.089863533518842242e+00
2.714714714714714816e+01 3.701912679277896245e+01 2.095577242154020858e+00
2.718718718718718819e+01 3.710542686248757605e+01 2.101370805856118906e+00
2.722722722722722821e+01 3.719176368695765689e+01 2.107245636995478844e+00
2.726726726726726824e+01 3.727813301555868719e+01 2.113203142887075003e+00
2.730730730730730826e+01 3.736453054808383456e+01 2.119244725790511819e+00
2.734734734734734829e+01 3.745095193474998752e+01 2.125371782910024265e+00
2.738738738738738832e+01 3.753739277619771286e+01 2.131585706394478308e+00
2.742742742742742834e+01 3.762384862349127701e+01 2.137887883337369566e+00
2.746746746746746837e+01 3.771031497811863176e+01 2.144279695776825090e+00
2.750750750750750839e+01 3.779678729199143561e+01 2.150762520695602475e+00
2.754754754754754842e+01 3.788326096744503957e+01 2.157337730021089417e+00
2.758758758758758844e+01 3.796973135723849424e+01 2.164006690625305040e+00
2.762762762762762847e+01 3.805619376455452141e+01 2.170770764324897240e+00
2.766766766766766850e+01 3.814264344299957088e+01 2.177631307881147116e+00
2.770770770770770852e+01 3.822907559660377075e+01 2.184589672999964538e+00
2.774774774774774855e+01 3.831548537982094160e+01 2.191647206331890363e+00
2.778778778778778857e+01 3.840186789752859653e+01 2.198805249472095991e+00
2.782782782782782860e+01 3.848821820502796243e+01 2.206065138960383809e+00
2.786786786786786863e+01 3.857453130804393027e+01 2.213428206281186306e+00
2.790790790790790865e+01 3.866080216272511905e+01 2.220895777863566956e+00
2.794794794794794868e+01 3.874702567564382605e+01 2.228469175081219777e+00
2.798798798798798870e+01 3.883319670379604105e+01 2.236149714252468890e+00
2.802802802802802873e+01 3.891931005460145343e+01 2.243938706640269398e+00
2.806806806806806875e+01 3.900536048590344507e+01 2.251837458452207397e+00
2.810810810810810878e+01 3.909134270596909033e+01 2.259847270840498634e+00
2.814814814814814881e+01 3.917725137348917031e+01 2.267969439901989848e+00
2.818818818818818883e+01 3.926308109757815146e+01 2.276205256678159206e+00
2.822822822822822886e+01 3.934882643777419986e+01 2.284556007155114088e+00
2.826826826826826888e+01 3.943448190403915987e+01 2.293022972263593751e+00
2.830830830830830891e+01 3.952004195675859677e+01 2.301607427878966217e+00
2.834834834834834894e+01 3.960550100674176122e+01 2.310310644821232717e+00
2.838838838838838896e+01 3.969085341522158217e+01 2.319133888855022363e+00
2.842842842842842899e+01 3.977609349385470949e+01 2.328078420689597472e+00
2.846846846846846901e+01 3.986121550472147135e+01 2.337145495978848242e+00
2.850850850850850904e+01 3.994621366032589549e+01 2.346336365321297635e+00
2.854854854854854906e+01 4.003108212359569507e+01 2.355652274260098267e+00
2.858858858858858909e+01 4.011581500788230414e+01 2.365094463283033299e+00
2.862862862862862912e+01 4.020040637696082797e+01 2.374664167822516880e+00
2.866866866866866914e+01 4.028485024503007139e+01 2.384362618255593258e+00
2.870870870870870917e+01 4.036914057671253175e+01 2.394191039903937668e+00
2.874874874874874919e+01 4.045327128705441311e+01 2.404150653033856333e+00
2.878878878878878922e+01 4.053723624152561200e+01 2.414242672856284688e+00
2.882882882882882924e+01 4.062102925601970327e+01 2.424468309526790044e+00
2.886886886886886927e+01 4.070464409685397555e+01 2.434828768145569811e+00
2.890890890890890930e+01 4.078807448076940290e+01 2.445325248757451941e+00
2.894894894894894932e+01 4.087131407493065893e+01 2.455958946351895378e+00
2.898898898898898935e+01 4.095435649692610980e+01 2.466731050862989161e+00
2.902902902902902937e+01 4.103719531476781412e+01 2.477642747169453319e+00
2.906906906906906940e+01 4.111982404689153014e+01 2.488695215094637980e+00
2.910910910910910943e+01 4.120223616215671569e+01 2.499889629406524261e+00
2.914914914914914945e+01 4.128442507984649978e+01 2.511227159817723820e+00
2.918918918918918948e+01 4.136638416966773946e+01 2.522708970985478860e+00
2.922922922922922950e+01 4.144810675175097003e+01 2.534336222511662129e+00
2.926926926926926953e+01 4.152958609665040512e+01 2.546110068942777360e+00
2.930930930930930955e+01 4.161081542534398636e+01 2.558031659769957944e+00
2.934934934934934958e+01 4.169178790923333366e+01 2.570102139428968702e+00
2.938938938938938961e+01 4.177249667014375945e+01 2.582322647300204999e+00
2.942942942942942963e+01 4.185293478032426862e+01 2.594694317708691855e+00
2.946946946946946966e+01 4.193309526244757279e+01 2.607218279924086612e+00
2.950950950950950968e+01 4.201297108961007609e+01 2.619895658160675378e+00
2.954954954954954971e+01 4.209255518533186091e+01 2.632727571577376136e+00
2.958958958958958974e+01 4.217184042355673057e+01 2.645715134277736524e+00
2.962962962962962976e+01 4.225081962865216667e+01 2.658859455309936060e+00
2.966966966966966979e+01 4.232948557540934331e+01 2.672161638666783023e+00
2.970970970970970981e+01 4.240783098904313420e+01 2.685622783285717574e+00
2.974974974974974984e+01 4.248584854519212683e+01 2.699243983048811302e+00
2.978978978978978986e+01 4.256353086991856571e+01 2.713026326782763675e+00
2.982982982982982989e+01 4.264087053970841623e+01 2.726970898258906928e+00
2.986986986986986992e+01 4.271786008147133629e+01 2.741078776193203836e+00
2.990990990990990994e+01 4.279449197254067627e+01 2.755351034246246389e+00
2.994994994994994997e+01 4.287075864067347197e+01 2.769788741023258449e+00
2.998998998998998999e+01 4.294665246405047299e+01 2.784392960074094425e+00
3.003003003003003002e+01 4.302216577127610719e+01 2.799164749893237936e+00
3.007007007007007005e+01 4.309729084137850208e+01 2.814105163919804919e+00
3.011011011011011007e+01 4.317201990380948473e+01 2.829215250537540527e+00
3.015015015015015010e+01 4.324634513844457473e+01 2.844496053074821784e+00
3.019019019019019012e+01 4.332025867558299126e+01 2.859948609804655373e+00
3.023023023023023015e+01 4.339375259594763179e+01 2.875573953944678962e+00
3.027027027027027017e+01 4.346681893068510050e+01 2.891373113657160765e+00
3.031031031031031020e+01 4.353944966136570827e+01 2.907347112048999094e+00
3.035035035035035023e+01 4.361163671998343716e+01 2.923496967171723693e+00
3.039039039039039025e+01 4.368337198895598306e+01 2.939823692021494406e+00
3.043043043043043028e+01 4.375464730112472012e+01 2.956328294539101620e+00
3.047047047047047030e+01 4.382545443975472921e+01 2.973011777609966266e+00
3.051051051051051033e+01 4.389578513853479080e+01 2.989875139064140708e+00
3.055055055055055035e+01 4.396563108157736366e+01 3.006919371676306518e+00
3.059059059059059038e+01 4.403498390341862034e+01 3.024145463165776704e+00
3.063063063063063041e+01 4.410383518901840461e+01 3.041554396196494814e+00
3.067067067067067043e+01 4.417217647376028822e+01 3.059147148377034497e+00
3.071071071071071046e+01 4.423999924345150703e+01 3.076924692260601724e+00
3.075075075075075048e+01 4.430729493432299648e+01 3.094887995345030340e+00
3.079079079079079051e+01 4.437405493302941295e+01 3.113038020072786516e+00
3.083083083083083054e+01 4.444027057664906977e+01 3.131375723830966962e+00
3.087087087087087056e+01 4.450593315268400829e+01 3.149902058951298933e+00
3.091091091091091059e+01 4.457103389905994106e+01 3.168617972710139341e+00
3.095095095095095061e+01 4.463556400412629444e+01 3.187524407328476528e+00
3.099099099099099064e+01 4.469951460665617304e+01 3.206622299971929380e+00
3.103103103103103066e+01 4.476287679584638113e+01 3.225912582750746882e+00
3.107107107107107069e+01 4.482564161131743674e+01 3.245396182719809897e+00
3.111111111111111072e+01 4.488780004311352201e+01 3.265074021878628052e+00
3.115115115115115074e+01 4.494934303170252576e+01 3.284947017171343298e+00
3.119119119119119077e+01 4.501026146797605065e+01 3.305016080486726793e+00
3.123123123123123079e+01 4.507054619324936340e+01 3.325282118658180686e+00
3.127127127127127082e+01 4.513018799926145164e+01 3.345746033463738556e+00
3.131131131131131085e+01 4.518917762817497419e+01 3.366408721626063638e+00
3.135135135135135087e+01 4.524750577257630368e+01 3.387271074812449712e+00
3.139139139139139090e+01 4.530516307547550525e+01 3.408333979634821098e+00
3.143143143143143092e+01 4.536214013030632941e+01 3.429598317649734440e+00
3.147147147147147095e+01 4.541842748092623339e+01 3.451064965358375147e+00
3.151151151151151097e+01 4.547401562161635269e+01 3.472734794206558284e+00
3.155155155155155100e+01 4.552889499708153664e+01 3.494608670584732568e+00
3.159159159159159103e+01 4.558305600245031997e+01 3.516687455827975040e+00
3.163163163163163105e+01 4.563648898327492986e+01 3.538972006215994170e+00
3.167167167167167108e+01 4.568918423553130026e+01 3.561463172973127644e+00
3.171171171171171110e+01 4.574113200561903625e+01 3.584161802268346353e+00
3.175175175175175113e+01 4.579232249036147095e+01 3.607068735215249955e+00
3.179179179179179116e+01 4.584274583700560157e+01 3.630184807872067765e+00
3.183183183183183118e+01 4.589239214322213911e+01 3.653510851241662749e+00
3.187187187187187121e+01 4.594125145710547997e+01 3.677047691271525309e+00
3.191191191191191123e+01 4.598931377717372726e+01 3.700796148853779499e+00
3.195195195195195126e+01 4.603656905236866237e+01 3.724757039825176363e+00
3.199199199199199128e+01 4.608300718205577340e+01 3.748931174967100155e+00
3.203203203203203486e+01 4.612861801602424094e+01 3.773319360005567447e+00
3.207207207207207489e+01 4.617339135448693810e+01 3.797922395611218249e+00
3.211211211211211491e+01 4.621731694808043756e+01 3.822741077399330223e+00
3.215215215215215494e+01 4.626038449786499740e+01 3.847776195929809795e+00
3.219219219219219497e+01 4.630258365532458242e+01 3.873028536707192160e+00
3.223223223223223499e+01 4.634390402236684992e+01 3.898498880180645720e+00
3.227227227227227502e+01 4.638433515132313545e+01 3.924188001743967202e+00
3.231231231231231504e+01 4.642386654494850262e+01 3.950096671735585652e+00
3.235235235235235507e+01 4.646248765642167911e+01 3.976225655438559325e+00
3.239239239239239510e+01 4.650018788934509928e+01 4.002575713080577913e+00
3.243243243243243512e+01 4.653695659774489002e+01 4.029147599833962090e+00
3.247247247247247515e+01 4.657278308607087780e+01 4.055942065815660413e+00
3.251251251251251517e+01 4.660765660919658160e+01 4.082959856087256867e+00
3.255255255255255520e+01 4.664156637241921999e+01 4.110201710654961538e+00
3.259259259259259522e+01 4.667450153145969693e+01 4.137668364469616833e+00
3.263263263263263525e+01 4.670645119246261601e+01 4.165360547426695703e+00
3.267267267267267528e+01 4.673740441199627327e+01 4.193278984366303419e+00
3.271271271271271530e+01 4.676735019705266438e+01 4.221424395073172242e+00
3.275275275275275533e+01 4.679627750504747752e+01 4.249797494276666754e+00
3.279279279279279535e+01 4.682417524382010043e+01 4.278398991650783856e+00
3.283283283283283538e+01 4.685103227163359918e+01 4.307229591814149217e+00
3.287287287287287540e+01 4.687683739717476072e+01 4.336289994330018160e+00
3.291291291291291543e+01 4.690157937955404321e+01 4.365580893706279220e+00
3.295295295295295546e+01 4.692524692830561150e+01 4.395102979395447917e+00
3.299299299299299548e+01 4.694782870338733005e+01 4.424856935794676538e+00
3.303303303303303551e+01 4.696931331518074160e+01 4.454843442245739027e+00
3.307307307307307553e+01 4.698968932449109559e+01 4.485063173035049644e+00
3.311311311311311556e+01 4.700894524254734108e+01 4.515516797393645199e+00
3.315315315315315559e+01 4.702706953100211251e+01 4.546204979497197485e+00
3.319319319319319561e+01 4.704405060193174393e+01 4.577128378466007064e+00
3.323323323323323564e+01 4.705987681783625476e+01 4.608287648365006817e+00
3.327327327327327566e+01 4.707453649163936404e+01 4.639683438203758392e+00
3.331331331331331569e+01 4.708801788668851174e+01 4.671316391936455759e+00
3.335335335335335571e+01 4.710030921675478055e+01 4.703187148461921652e+00
3.339339339339339574e+01 4.711139864603300254e+01 4.735296341623611127e+00
3.343343343343343577e+01 4.712127428914166671e+01 4.767644600209607120e+00
3.347347347347347579e+01 4.712992421112296881e+01 4.800232547952627549e+00
3.351351351351351582e+01 4.713733642744279706e+01 4.833060803530015548e+00
3.355355355355355584e+01 4.714349890399075349e+01 4.866129980563751012e+00
3.359359359359359587e+01 4.714839955708010422e+01 4.899440687620439050e+00
3.363363363363363590e+01 4.715202625344782916e+01 4.932993528211317980e+00
3.367367367367367592e+01 4.715436681025460786e+01 4.966789100792255773e+00
3.371371371371371595e+01 4.715540899508479811e+01 5.000827998763750948e+00
3.375375375375375597e+01 4.715514052594646444e+01 5.035110810470934339e+00
3.379379379379379600e+01 4.715354907127135675e+01 5.069638119203564663e+00
3.383383383383383602e+01 4.715062224991493167e+01 5.104410503196033844e+00
3.387387387387387605e+01 4.714634763115633831e+01 5.139428535627363459e+00
3.391391391391391608e+01 4.714071273469841827e+01 5.174692784621202968e+00
3.395395395395395610e+01 4.713370503066769146e+01 5.210203813245837701e+00
3.399399399399399613e+01 4.712531193961440579e+01 5.245962179514179091e+00
3.403403403403403615e+01 4.711552083251247325e+01 5.281968436383771781e+00
3.407407407407407618e+01 4.710431903075952675e+01 5.318223131756788291e+00
3.411411411411411621e+01 4.709169380617687040e+01 5.354726808480035238e+00
3.415415415415415623e+01 4.707763714586744896e+01 5.391479983338448356e+00
3.419419419419419626e+01 4.706218169689511654e+01 5.428481435377999098e+00
3.423423423423423628e+01 4.704533041579020392e+01 5.465727144693202533e+00
3.427427427427427631e+01 4.702707632928436254e+01 5.503212810375889497e+00
3.431431431431431633e+01 4.700741278243746990e+01 5.540934087037871159e+00
3.435435435435435636e+01 4.698633343863769340e+01 5.578886584810940796e+00
3.439439439439439639e+01 4.696383227960143358e+01 5.617065869346870244e+00
3.443443443443443641e+01 4.693990360537334539e+01 5.655467461817413444e+00
3.447447447447447644e+01 4.691454203432636660e+01 5.694086838914307336e+00
3.451451451451451646e+01 4.688774250316166103e+01 5.732919432849265640e+00
3.455455455455455649e+01 4.685950026690865400e+01 5.771960631353987736e+00
3.459459459459459651e+01 4.682981089892504656e+01 5.811205777680149787e+00
3.463463463463463654e+01 4.679867029089677288e+01 5.850650170599411837e+00
3.467467467467467657e+01 4.676607465283803577e+01 5.890289064403413377e+00
3.471471471471471659e+01 4.673202051309128535e+01 5.930117668903776007e+00
3.475475475475475662e+01 4.669650471832723326e+01 5.970131149432099882e+00
3.479479479479479664e+01 4.665952443354485268e+01 6.010324626839969930e+00
3.483483483483483667e+01 4.662107714207136411e+01 6.050693177498949638e+00
3.487487487487487670e+01 4.658116064556223535e+01 6.091231833300582821e+00
3.491491491491491672e+01 4.653977306400121705e+01 6.131935581656395406e+00
3.495495495495495675e+01 4.649691283570029299e+01 6.172799365497893653e+00
3.499499499499499677e+01 4.645257871729970134e+01 6.213818083276566817e+00
3.503503503503503680e+01 4.640676978376795603e+01 6.254986588963882710e+00
3.507507507507507682e+01 4.635948542840181119e+01 6.296299692051291252e+00
3.511511511511511685e+01 4.631072536282627539e+01 6.337752157550221810e+00
3.515515515515515688e+01 4.626048961699463291e+01 6.379338705992087633e+00
3.519519519519519690e+01 4.620877853918839406e+01 6.421054013428279639e+00
3.523523523523523693e+01 4.615559279601734488e+01 6.462892711430172632e+00
3.527527527527527695e+01 4.610093337241952582e+01 6.504849387089120860e+00
3.531531531531531698e+01 4.604480157166123888e+01 6.546918583016458015e+00
3.535535535535535701e+01 4.598719901533701915e+01 6.589094797343502563e+00
3.539539539539539703e+01 4.592812764336967746e+01 6.631372483721551525e+00
3.543543543543543706e+01 4.586758971401027196e+01 6.673746051321882256e+00
3.547547547547547708e+01 4.580558780383812945e+01 6.716209864835755106e+00
3.551551551551551711e+01 4.574212480776081691e+01 6.758758244474408983e+00
3.555555555555555713e+01 4.567720393901416998e+01 6.801385465969065791e+00
3.559559559559559716e+01 4.561082872916225739e+01 6.844085760570928656e+00
3.563563563563563719e+01 4.554300302809743783e+01 6.886853315051180147e+00
3.567567567567567721e+01 4.547373100404030311e+01 6.929682271700983165e+00
3.571571571571571724e+01 4.540301714353970652e+01 6.972566728331483610e+00
3.575575575575575726e+01 4.533086625147274873e+01 7.015500738273807713e+00
3.579579579579579729e+01 4.525728345104480610e+01 7.058478310379062037e+00
3.583583583583583732e+01 4.518227418378949523e+01 7.101493409018335257e+00
3.587587587587587734e+01 4.510584420956868712e+01 7.144539954082695488e+00
3.591591591591591737e+01 4.502799960657252853e+01 7.187611820983193844e+00
3.595595595595595739e+01 4.494874677131939222e+01 7.230702840650859997e+00
3.599599599599599742e+01 4.486809241865592668e+01 7.273806799536705725e+00
3.603603603603603744e+01 4.478604358175704192e+01 7.316917439611724028e+00
3.607607607607607747e+01 4.470260761212588108e+01 7.360028458366889126e+00
3.611611611611611750e+01 4.461779217959387012e+01 7.403133508813156460e+00
3.615615615615615752e+01 4.453160527232066102e+01 7.446226199481459140e+00
3.619619619619619755e+01 4.444405519679419569e+01 7.489300094422716825e+00
3.623623623623623757e+01 4.435515057783063497e+01 7.532348713207824176e+00
3.627627627627627760e+01 4.426490035857442962e+01 7.575365530927662405e+00
3.631631631631631763e+01 4.417331380049827061e+01 7.618343978193090393e+00
3.635635635635635765e+01 4.408040048340309625e+01 7.661277441134947352e+00
3.639639639639639768e+01 4.398617030541812056e+01 7.704159261404056380e+00
3.643643643643643770e+01 4.389063348300079781e+01 7.746982736171219130e+00
3.647647647647647773e+01 4.379380055093683666e+01 7.789741118127218478e+00
3.651651651651651775e+01 4.369568236234022152e+01 7.832427615482819405e+00
3.655655655655655778e+01 4.359629008865317701e+01 7.875035391968769005e+00
3.659659659659659781e+01 4.349563521964618218e+01 7.917557566835790261e+00
3.663663663663663783e+01 4.339372956341797760e+01 7.959987214854592708e+00
3.667667667667667786e+01 4.329058524639555827e+01 8.002317366315864433e+00
3.671671671671671788e+01 4.318621471333417361e+01 8.044541007030272084e+00
3.675675675675675791e+01 4.308063072731733456e+01 8.086651078328470632e+00
3.679679679679679793e+01 4.297384636975680650e+01 8.128640477061086500e+00
3.683683683683683796e+01 4.286587504039260210e+01 8.170502055598735325e+00
3.687687687687687799e+01 4.275673045729299560e+01 8.212228621832007747e+00
3.691691691691691801e+01 4.264642665685452272e+01 8.253812939171480068e+00
3.695695695695695804e+01 4.253497799380196653e+01 8.295247726547703593e+00
3.699699699699699806e+01 4.242239914118837163e+01 8.336525658411218842e+00
3.703703703703703809e+01 4.230870509039503702e+01 8.377639364732539562e+00
3.707707707707707812e+01 4.219391115113151614e+01 8.418581431002165161e+00
3.711711711711711814e+01 4.207803295143561684e+01 8.459344398230573603e+00
3.715715715715715817e+01 4.196108643767340851e+01 8.499920762948224962e+00
3.719719719719719819e+01 4.184308787453921497e+01 8.540302977205561419e+00
3.723723723723723822e+01 4.172405384505560733e+01 8.580483448573001937e+00
3.727727727727727824e+01 4.160400125057343246e+01 8.620454540140952915e+00
3.731731731731731827e+01 4.148294731077176323e+01 8.660208570519793980e+00
3.735735735735735830e+01 4.136090956365796245e+01 8.699737813839892198e+00
3.739739739739739832e+01 4.123790586556761895e+01 8.739034499751593188e+00
3.743743743743743835e+01 4.111395439116459727e+01 8.778090813425224681e+00
3.747747747747747837e+01 4.098907363344100929e+01 8.816898895551091186e+00
3.751751751751751840e+01 4.086328240371722131e+01 8.855450842339482875e+00
3.755755755755755843e+01 4.073659983164186826e+01 8.893738705520668475e+00
3.759759759759759845e+01 4.060904536519182528e+01 8.931754492344900598e+00
3.763763763763763848e+01 4.048063877067222904e+01 8.969490165582408636e+00
3.767767767767767850e+01 4.035140013271647774e+01 9.006937643523405868e+00
3.771771771771771853e+01 4.022134985428620979e+01 9.044088799978084126e+00
3.775775775775775855e+01 4.009050865667133934e+01 9.080935464276620905e+00
3.779779779779779858e+01 3.995889757949002785e+01 9.117469421269168706e+00
3.783783783783783861e+01 3.982653798068869122e+01 9.153682411325863910e+00
3.787787787787787863e+01 3.969345153654199976e+01 9.189566130336825012e+00
3.791791791791791866e+01 3.955966024165288530e+01 9.225112229712150835e+00
3.795795795795795868e+01 3.942518640895252702e+01 9.260312316381916986e+00
3.799799799799799871e+01 3.929005266970037269e+01 9.295157952796188283e+00
3.803803803803803874e+01 3.915428197348411743e+01 9.329640656925000997e+00
3.807807807807807876e+01 3.901789758821971077e+01 9.363751902258380611e+00
3.811811811811811879e+01 3.888092310015136377e+01 9.397483117806331165e+00
3.815815815815815881e+01 3.874338241385154191e+01 9.430825688098833481e+00
3.819819819819819884e+01 3.860529975222095800e+01 9.463770953185854040e+00
3.823823823823823886e+01 3.846669965648860057e+01 9.496310208637336103e+00
3.827827827827827889e+01 3.832760698621169126e+01 9.528434705543210370e+00
3.831831831831831892e+01 3.818804691927572748e+01 9.560135650513382544e+00
3.835835835835835894e+01 3.804804495189444680e+01 9.591404205677743988e+00
3.839839839839839897e+01 3.790762689860984835e+01 9.622231488686161072e+00
3.843843843843843899e+01 3.776681889229218569e+01 9.652608572708484047e+00
3.847847847847847902e+01 3.762564738413998100e+01 9.682526486434550606e+00
3.851851851851851904e+01 3.748413914367999666e+01 9.711976214074166336e+00
3.855855855855855907e+01 3.734232125876724950e+01 9.740948695357131371e+00
3.859859859859859910e+01 3.720022113558502497e+01 9.769434825533213740e+00
3.863863863863863912e+01 3.705786649864487003e+01 9.797425455372174241e+00
3.867867867867867915e+01 3.691528539078655768e+01 9.824911391163745122e+00
3.871871871871871917e+01 3.677250577726258030e+01 9.851883593609688461e+00
3.875875875875875920e+01 3.662951670051704411e+01 9.878352808560308063e+00
3.879879879879879923e+01 3.648631593490094360e+01 9.904325868079212114e+00
3.883883883883883925e+01 3.634292543028776379e+01 9.929797605296386109e+00
3.887887887887887928e+01 3.619936693339695211e+01 9.954763023705034186e+00
3.891891891891891930e+01 3.605566198779395393e+01 9.979217297161582678e+00
3.895895895895895933e+01 3.591183193389016992e+01 1.000315576988567656e+01
3.899899899899899935e+01 3.576789790894299159e+01 1.002657395646017768e+01
3.903903903903903938e+01 3.562388084705575864e+01 1.004946754183117008e+01
3.907907907907907941e+01 3.547980147917782290e+01 1.007183238130795644e+01
3.911911911911911943e+01 3.533568033310448442e+01 1.009366450056305986e+01
3.915915915915915946e+01 3.519153773347701986e+01 1.011496009563222209e+01
3.919919919919919948e+01 3.504739380178268959e+01 1.013571553291440352e+01
3.923923923923923951e+01 3.490326845635473063e+01 1.015592734917178497e+01
3.927927927927927954e+01 3.475918141237234238e+01 1.017559225152976587e+01
3.931931931931931956e+01 3.461515218186070086e+01 1.019470711747696789e+01
3.935935935935935959e+01 3.447120007369097294e+01 1.021326899486522777e+01
3.939939939939939961e+01 3.432734419358028077e+01 1.023127510190960798e+01
3.943943943943943964e+01 3.418360344409173024e+01 1.024872282718838079e+01
3.947947947947947966e+01 3.403999652463440384e+01 1.026560972964304952e+01
3.951951951951951969e+01 3.389654193146335359e+01 1.028193353857832726e+01
3.955955955955955972e+01 3.375325795767960813e+01 1.029769215366215285e+01
3.959959959959959974e+01 3.361016269323017269e+01 1.031288364492568022e+01
3.963963963963963977e+01 3.346727402490802916e+01 1.032750625276328549e+01
3.967967967967967979e+01 3.332460963635212892e+01 1.034155838793256521e+01
3.971971971971971982e+01 3.318218700804739285e+01 1.035503863155433280e+01
3.975975975975975985e+01 3.304002341732473269e+01 1.036794573511262030e+01
3.979979979979979987e+01 3.289813593836101546e+01 1.038027862045468375e+01
3.983983983983983990e+01 3.275654144217910613e+01 1.039203637979099426e+01
3.987987987987987992e+01 3.261525659664782495e+01 1.040321827569524515e+01
3.991991991991991995e+01 3.247429786648197592e+01 1.041382374110434839e+01
3.995995995995995997e+01 3.233368151324233253e+01 1.042385237931843456e+01
4.000000000000000000e+01 3.219342359533564490e+01 1.043330396400085291e+01
