   0.0000000000000000e+00	   1.0704068655516785e+00	
   1.0000000000000001e-01	  -3.6435385255982453e+00	
   2.0000000000000001e-01	   2.5035459440077790e-01	
   3.0000000000000004e-01	   3.8216762148909815e+00	
   4.0000000000000002e-01	  -2.1130284438742191e+00	
   5.0000000000000000e-01	   7.5873703210883625e-01	
   6.0000000000000009e-01	   2.7384398264912444e+00	
   7.0000000000000007e-01	   6.3871570931970822e-02	
   8.0000000000000004e-01	   5.5522453252336943e+00	
   9.0000000000000002e-01	   3.7471746463805937e+00	
   1.0000000000000000e+00	   9.0896715157512187e-02	
   1.1000000000000001e+00	   3.1180732524708032e+00	
   1.2000000000000002e+00	   5.9577000120936514e+00	
   1.3000000000000000e+00	   3.6297955313526939e+00	
   1.4000000000000001e+00	   5.4290297683102082e+00	
   1.5000000000000000e+00	   6.8129453523122692e+00	
   1.6000000000000001e+00	   6.6318296067157743e+00	
   1.7000000000000002e+00	   1.1872194064407600e+00	
   1.8000000000000000e+00	   1.8968366901131839e+00	
   1.9000000000000001e+00	   1.8559097276156100e+00	
   2.0000000000000000e+00	   1.1011370909846487e+00	
   2.1000000000000001e+00	   1.1856699003418170e+00	
   2.2000000000000002e+00	   6.1276124947487913e+00	
   2.3000000000000003e+00	   6.4713357394559496e+00	
   2.4000000000000004e+00	   9.1932029645519755e+00	
   2.5000000000000000e+00	   7.9532142388561970e+00	
   2.6000000000000001e+00	   4.7365233529230970e+00	
   2.7000000000000002e+00	   6.5345955158694604e+00	
   2.8000000000000003e+00	   4.8778757657500087e+00	
   2.9000000000000004e+00	   8.9178953738775597e+00	
   3.0000000000000000e+00	   4.2315493926141388e+00	
   3.1000000000000001e+00	   9.5081098944713087e+00	
   3.2000000000000002e+00	   1.0260312379484439e+01	
   3.3000000000000003e+00	   9.9859962855362809e+00	
   3.4000000000000004e+00	   6.9633028904088388e+00	
   3.5000000000000000e+00	   9.1826850421445450e+00	
   3.6000000000000001e+00	   8.5015271911202248e+00	
   3.7000000000000002e+00	   5.6897491650757956e+00	
   3.8000000000000003e+00	   1.1862977276437928e+01	
   3.9000000000000004e+00	   1.0962292008340627e+01	
   4.0000000000000000e+00	   7.8547158086205302e+00	
   4.1000000000000005e+00	   1.3713246523819201e+01	
   4.2000000000000002e+00	   7.6687129401226901e+00	
   4.2999999999999998e+00	   8.8390637483321726e+00	
   4.4000000000000004e+00	   9.9699053338047854e+00	
   4.5000000000000000e+00	   8.8130994111153349e+00	
   4.6000000000000005e+00	   8.7222551303348901e+00	
   4.7000000000000002e+00	   1.3045337417584310e+01	
   4.8000000000000007e+00	   9.0870409078086070e+00	
   4.9000000000000004e+00	   1.2061528057846083e+01	
   5.0000000000000000e+00	   1.0492304347792127e+01	
   5.1000000000000005e+00	   1.2065102200738291e+01	
   5.2000000000000002e+00	   1.6004473123466870e+01	
   5.3000000000000007e+00	   1.0569340065098029e+01	
   5.4000000000000004e+00	   9.0897546130007782e+00	
   5.5000000000000000e+00	   1.6573830791908112e+01	
   5.6000000000000005e+00	   1.5000451362080694e+01	
   5.7000000000000002e+00	   1.3918699964179183e+01	
   5.8000000000000007e+00	   1.4214438157203023e+01	
   5.9000000000000004e+00	   1.1099866281644694e+01	
   6.0000000000000000e+00	   1.8490018138140453e+01	
   6.1000000000000005e+00	   1.3625004512009546e+01	
   6.2000000000000002e+00	   1.5993294707891609e+01	
   6.3000000000000007e+00	   1.4376203383172200e+01	
   6.4000000000000004e+00	   1.1528302509229327e+01	
   6.5000000000000000e+00	   1.6066825688789354e+01	
   6.6000000000000005e+00	   1.6014781128472077e+01	
   6.7000000000000002e+00	   1.4153287164839661e+01	
   6.8000000000000007e+00	   1.2779178532241497e+01	
   6.9000000000000004e+00	   1.9386614801737910e+01	
   7.0000000000000000e+00	   1.3275333784365792e+01	
   7.1000000000000005e+00	   1.5656250232158568e+01	
   7.2000000000000002e+00	   1.9629184833273840e+01	
   7.3000000000000007e+00	   2.1376961456623736e+01	
   7.4000000000000004e+00	   1.8525190790840142e+01	
   7.5000000000000000e+00	   2.0293328809879714e+01	
   7.6000000000000005e+00	   2.0125837271069773e+01	
   7.7000000000000002e+00	   1.9747208772841837e+01	
   7.8000000000000007e+00	   2.0091065335634983e+01	
   7.9000000000000004e+00	   2.2518985600168385e+01	
   8.0000000000000000e+00	   1.9523767727733368e+01	
   8.0999999999999996e+00	   1.8664774483941571e+01	
   8.2000000000000011e+00	   2.1074813438790272e+01	
   8.3000000000000007e+00	   1.9469086357667646e+01	
   8.4000000000000004e+00	   1.7241217556771346e+01	
   8.5000000000000000e+00	   1.9925025531855905e+01	
   8.5999999999999996e+00	   2.1025458329869316e+01	
   8.7000000000000011e+00	   2.0038076697327590e+01	
   8.8000000000000007e+00	   2.0295576566164257e+01	
   8.9000000000000004e+00	   2.3352347526984516e+01	
   9.0000000000000000e+00	   2.1752258754275118e+01	
   9.0999999999999996e+00	   2.1728555057156569e+01	
   9.2000000000000011e+00	   1.8745891378244494e+01	
   9.3000000000000007e+00	   2.0274373573295652e+01	
   9.4000000000000004e+00	   2.2078861974244209e+01	
   9.5000000000000000e+00	   2.3832632108329090e+01	
   9.6000000000000014e+00	   2.4634785474356960e+01	
   9.7000000000000011e+00	   2.7130180068338301e+01	
   9.8000000000000007e+00	   2.6876496453242254e+01	
   9.9000000000000004e+00	   2.0386204009663963e+01	
   1.0000000000000000e+01	   2.7505830219339000e+01	
   1.0100000000000001e+01	   2.1408727165464082e+01	
   1.0200000000000001e+01	   2.8098560322907247e+01	
   1.0300000000000001e+01	   2.5339234163368182e+01	
   1.0400000000000000e+01	   2.2712959716100599e+01	
   1.0500000000000000e+01	   2.1581163904567660e+01	
   1.0600000000000001e+01	   2.3646487337037762e+01	
   1.0700000000000001e+01	   2.7981563594298862e+01	
   1.0800000000000001e+01	   2.2313621000722371e+01	
   1.0900000000000000e+01	   2.4762150628938169e+01	
   1.1000000000000000e+01	   2.3208560814421315e+01	
   1.1100000000000001e+01	   2.3643700155909720e+01	
   1.1200000000000001e+01	   2.3100907409443806e+01	
   1.1300000000000001e+01	   2.8443622552848787e+01	
   1.1400000000000000e+01	   2.3745545122179450e+01	
   1.1500000000000000e+01	   2.8212476645181294e+01	
   1.1600000000000001e+01	   2.4892506201620535e+01	
   1.1700000000000001e+01	   2.8937361753617481e+01	
   1.1800000000000001e+01	   2.7939206349032077e+01	
   1.1900000000000000e+01	   2.6448861917678624e+01	
   1.2000000000000000e+01	   3.1040052350609272e+01	
   1.2100000000000001e+01	   3.1164905541065060e+01	
   1.2200000000000001e+01	   3.2345485050076498e+01	
   1.2300000000000001e+01	   2.5064490521739071e+01	
   1.2400000000000000e+01	   3.0406393369200099e+01	
   1.2500000000000000e+01	   2.5563166127933439e+01	
   1.2600000000000001e+01	   2.6576370952018671e+01	
   1.2700000000000001e+01	   2.6799676727503652e+01	
   1.2800000000000001e+01	   2.9102148220992540e+01	
   1.2900000000000000e+01	   2.8301724369180654e+01	
   1.3000000000000000e+01	   2.9373201042430694e+01	
   1.3100000000000001e+01	   2.8819881875367237e+01	
   1.3200000000000001e+01	   3.0137905901039076e+01	
   1.3300000000000001e+01	   3.0627788317520558e+01	
   1.3400000000000000e+01	   3.2597808746464494e+01	
   1.3500000000000000e+01	   3.3994939756571071e+01	
   1.3600000000000001e+01	   3.0071410713825710e+01	
   1.3700000000000001e+01	   3.4879864731597337e+01	
   1.3800000000000001e+01	   3.4267911938882442e+01	
   1.3900000000000000e+01	   3.5168745436294714e+01	
   1.4000000000000000e+01	   3.0232836039387699e+01	
   1.4100000000000001e+01	   2.9513756381175369e+01	
   1.4200000000000001e+01	   3.4087635898784271e+01	
   1.4300000000000001e+01	   3.5031418568410551e+01	
   1.4400000000000000e+01	   3.0525692888644343e+01	
   1.4500000000000000e+01	   3.0612686334328565e+01	
   1.4600000000000001e+01	   3.4841699537078746e+01	
   1.4700000000000001e+01	   3.6769408126773179e+01	
   1.4800000000000001e+01	   3.7000272933656120e+01	
   1.4900000000000000e+01	   3.1410823387582486e+01	
   1.5000000000000000e+01	   3.6756814682492553e+01	
   1.5100000000000001e+01	   3.8348269697407346e+01	
   1.5200000000000001e+01	   3.4945675538422627e+01	
   1.5300000000000001e+01	   3.2103296346298158e+01	
   1.5400000000000000e+01	   3.3677560853883548e+01	
   1.5500000000000000e+01	   3.7811361199844143e+01	
   1.5600000000000001e+01	   3.2489040636555970e+01	
   1.5700000000000001e+01	   3.5769516143738947e+01	
   1.5800000000000001e+01	   3.6902837869236421e+01	
   1.5900000000000000e+01	   4.0419077278684419e+01	
   1.6000000000000000e+01	   3.4666589658376431e+01	
   1.6100000000000001e+01	   3.4132438862597255e+01	
   1.6199999999999999e+01	   3.8577527714310797e+01	
   1.6300000000000001e+01	   3.4480585165977239e+01	
   1.6400000000000002e+01	   4.1686342811811087e+01	
   1.6500000000000000e+01	   3.6009729891155970e+01	
   1.6600000000000001e+01	   3.9077970212171351e+01	
   1.6699999999999999e+01	   4.0964367715438577e+01	
   1.6800000000000001e+01	   4.1274452048889799e+01	
   1.6900000000000002e+01	   3.8749075079164385e+01	
   1.7000000000000000e+01	   4.1124855326350080e+01	
   1.7100000000000001e+01	   4.2561685939794494e+01	
   1.7199999999999999e+01	   4.2649937149679850e+01	
   1.7300000000000001e+01	   3.7356872032716012e+01	
   1.7400000000000002e+01	   4.0219812215413029e+01	
   1.7500000000000000e+01	   4.2320865152690658e+01	
   1.7600000000000001e+01	   3.7798096082257224e+01	
   1.7699999999999999e+01	   4.2416568224749852e+01	
   1.7800000000000001e+01	   4.0444315718464452e+01	
   1.7900000000000002e+01	   4.1503818303172793e+01	
   1.8000000000000000e+01	   3.9119536443491548e+01	
   1.8100000000000001e+01	   3.7910633600674537e+01	
   1.8199999999999999e+01	   3.9813516468485979e+01	
   1.8300000000000001e+01	   4.4961383472781080e+01	
   1.8400000000000002e+01	   4.1583881906934337e+01	
   1.8500000000000000e+01	   4.0170354993752937e+01	
   1.8600000000000001e+01	   4.4312744651525534e+01	
   1.8699999999999999e+01	   4.4580209642410615e+01	
   1.8800000000000001e+01	   3.8766565093667623e+01	
   1.8900000000000002e+01	   4.5828873919748233e+01	
   1.9000000000000000e+01	   4.5366640761572967e+01	
   1.9100000000000001e+01	   4.1766372392253537e+01	
   1.9200000000000003e+01	   4.4716650962356752e+01	
   1.9300000000000001e+01	   4.1925363301181321e+01	
   1.9400000000000002e+01	   4.7184814804835355e+01	
   1.9500000000000000e+01	   4.2190534974347571e+01	
   1.9600000000000001e+01	   4.1475008973095704e+01	
   1.9700000000000003e+01	   4.6273882105252127e+01	
   1.9800000000000001e+01	   4.4317664221314544e+01	
   1.9900000000000002e+01	   4.5915643648651589e+01	
   2.0000000000000000e+01	   4.8607648184648397e+01	
   2.0100000000000001e+01	   4.3565667238191068e+01	
   2.0200000000000003e+01	   4.1858820547502759e+01	
   2.0300000000000001e+01	   4.7763932289221330e+01	
   2.0400000000000002e+01	   4.4540435594311425e+01	
   2.0500000000000000e+01	   4.6482355687088429e+01	
   2.0600000000000001e+01	   4.3451892958486312e+01	
   2.0700000000000003e+01	   4.2783629267580217e+01	
   2.0800000000000001e+01	   4.3580095736556245e+01	
   2.0900000000000002e+01	   4.9147752630584122e+01	
   2.1000000000000000e+01	   4.5121782768379205e+01	
   2.1100000000000001e+01	   4.5966019668536632e+01	
   2.1200000000000003e+01	   4.8281178847426894e+01	
   2.1300000000000001e+01	   4.9793821386682872e+01	
   2.1400000000000002e+01	   4.9564081088591962e+01	
   2.1500000000000000e+01	   4.6605871965826275e+01	
   2.1600000000000001e+01	   4.5309303356235823e+01	
   2.1700000000000003e+01	   4.9139771293224229e+01	
   2.1800000000000001e+01	   4.4173368933212657e+01	
   2.1900000000000002e+01	   4.6583812359765631e+01	
   2.2000000000000000e+01	   4.9605107722201161e+01	
   2.2100000000000001e+01	   4.9407902536097446e+01	
   2.2200000000000003e+01	   4.7448029427327874e+01	
   2.2300000000000001e+01	   5.2931140520557094e+01	
   2.2400000000000002e+01	   4.6178634714438033e+01	
   2.2500000000000000e+01	   5.1252381870468199e+01	
   2.2600000000000001e+01	   4.6790318674330109e+01	
   2.2700000000000003e+01	   4.9185974741395427e+01	
   2.2800000000000001e+01	   5.2537548445378107e+01	
   2.2900000000000002e+01	   4.8929078675535294e+01	
   2.3000000000000000e+01	   4.6829296206571811e+01	
   2.3100000000000001e+01	   5.0843773926973199e+01	
   2.3200000000000003e+01	   4.8748175123298076e+01	
   2.3300000000000001e+01	   4.7780918514629512e+01	
   2.3400000000000002e+01	   5.2488849560740306e+01	
   2.3500000000000000e+01	   5.0945359619753496e+01	
   2.3600000000000001e+01	   4.8685737829657867e+01	
   2.3700000000000003e+01	   4.8198987443832891e+01	
   2.3800000000000001e+01	   4.9166582909393661e+01	
   2.3900000000000002e+01	   4.8795885362348514e+01	
   2.4000000000000000e+01	   5.0471609326938797e+01	
   2.4100000000000001e+01	   5.5648403141019294e+01	
   2.4200000000000003e+01	   5.2463199762230296e+01	
   2.4300000000000001e+01	   5.0349117362309386e+01	
   2.4400000000000002e+01	   5.2026680030677355e+01	
   2.4500000000000000e+01	   5.4041370550284491e+01	
   2.4600000000000001e+01	   5.3229790257386476e+01	
   2.4700000000000003e+01	   5.3879572870195524e+01	
   2.4800000000000001e+01	   5.6070481468341036e+01	
   2.4900000000000002e+01	   5.2368589651900272e+01	
   2.5000000000000000e+01	   5.5471635919947559e+01	
   2.5100000000000001e+01	   5.0889882682585252e+01	
   2.5200000000000003e+01	   5.0256962609783514e+01	
   2.5300000000000001e+01	   5.2664636089482080e+01	
   2.5400000000000002e+01	   5.6638742714082468e+01	
   2.5500000000000000e+01	   5.3275404542149701e+01	
   2.5600000000000001e+01	   5.8188893352799084e+01	
   2.5700000000000003e+01	   5.5402970387007507e+01	
   2.5800000000000001e+01	   5.3418013951086763e+01	
   2.5900000000000002e+01	   5.8287030719949072e+01	
   2.6000000000000000e+01	   5.8200926320646580e+01	
   2.6100000000000001e+01	   5.7968877954076902e+01	
   2.6200000000000003e+01	   5.3366586960543543e+01	
   2.6300000000000001e+01	   5.3744567024429635e+01	
   2.6400000000000002e+01	   5.7847853924082592e+01	
   2.6500000000000000e+01	   5.7366438520633402e+01	
   2.6600000000000001e+01	   5.5841689598375254e+01	
   2.6700000000000003e+01	   5.9788574926365236e+01	
   2.6800000000000001e+01	   5.6001479525608140e+01	
   2.6900000000000002e+01	   6.0295701656541503e+01	
   2.7000000000000000e+01	   5.6404670000507423e+01	
   2.7100000000000001e+01	   5.6650563512596179e+01	
   2.7200000000000003e+01	   5.8915324730321409e+01	
   2.7300000000000001e+01	   5.6011331296515259e+01	
   2.7400000000000002e+01	   5.6673549843586564e+01	
   2.7500000000000000e+01	   5.4250432734344251e+01	
   2.7600000000000001e+01	   5.9395080024087122e+01	
   2.7700000000000003e+01	   5.7987654768028655e+01	
   2.7800000000000001e+01	   5.8792881783332739e+01	
   2.7900000000000002e+01	   6.0125581306499079e+01	
   2.8000000000000000e+01	   5.5641326998361073e+01	
   2.8100000000000001e+01	   6.0876786255608799e+01	
   2.8200000000000003e+01	   6.1386703593848637e+01	
   2.8300000000000001e+01	   5.6619534949087267e+01	
   2.8400000000000002e+01	   6.0224127397378354e+01	
   2.8500000000000000e+01	   5.7265817435844298e+01	
   2.8600000000000001e+01	   5.6864069068054611e+01	
   2.8700000000000003e+01	   5.6176469195545096e+01	
   2.8800000000000001e+01	   6.0257354872665694e+01	
   2.8900000000000002e+01	   5.9362240687874227e+01	
   2.9000000000000000e+01	   6.1837801318550270e+01	
   2.9100000000000001e+01	   5.7472599770220953e+01	
   2.9200000000000003e+01	   5.6871003559834755e+01	
   2.9300000000000001e+01	   5.9038577913165931e+01	
   2.9400000000000002e+01	   5.9520930877132784e+01	
   2.9500000000000000e+01	   6.2123333813992254e+01	
   2.9600000000000001e+01	   5.7011926154988885e+01	
   2.9700000000000003e+01	   5.6501975387477458e+01	
   2.9800000000000001e+01	   6.1234865300266172e+01	
   2.9900000000000002e+01	   5.6570464159261860e+01	
   3.0000000000000000e+01	   5.7549535684966713e+01	
   3.0100000000000001e+01	   6.2137901974913255e+01	
   3.0200000000000003e+01	   6.0827629056682113e+01	
   3.0300000000000001e+01	   6.1162857334099357e+01	
   3.0400000000000002e+01	   6.3409325518583998e+01	
   3.0500000000000000e+01	   6.3409462607162951e+01	
   3.0600000000000001e+01	   6.1192683992247929e+01	
   3.0700000000000003e+01	   5.9507831253644561e+01	
   3.0800000000000001e+01	   5.8368374956790490e+01	
   3.0900000000000002e+01	   6.4619369872166615e+01	
   3.1000000000000000e+01	   6.5403682400683579e+01	
   3.1100000000000001e+01	   6.5295612575047883e+01	
   3.1200000000000003e+01	   6.2973706262271435e+01	
   3.1300000000000001e+01	   5.8705927698297849e+01	
   3.1400000000000002e+01	   5.8690641459510871e+01	
   3.1500000000000000e+01	   5.9663597504956385e+01	
   3.1600000000000001e+01	   5.8567746850407048e+01	
   3.1700000000000003e+01	   6.4223232278383591e+01	
   3.1800000000000001e+01	   5.9685747939618665e+01	
   3.1900000000000002e+01	   6.3727865700438102e+01	
   3.2000000000000000e+01	   6.5066442090449812e+01	
   3.2100000000000001e+01	   6.3384132526785677e+01	
   3.2200000000000003e+01	   6.1979098940499540e+01	
   3.2300000000000004e+01	   6.5637389363819622e+01	
   3.2399999999999999e+01	   6.1607891542642115e+01	
   3.2500000000000000e+01	   6.1827204461307154e+01	
   3.2600000000000001e+01	   6.5654662634469048e+01	
   3.2700000000000003e+01	   6.3506546620032402e+01	
   3.2800000000000004e+01	   6.1665687156200654e+01	
   3.2899999999999999e+01	   6.5537800996770031e+01	
   3.3000000000000000e+01	   6.1081104130155964e+01	
   3.3100000000000001e+01	   6.7244836684550364e+01	
   3.3200000000000003e+01	   6.1751974795015556e+01	
   3.3300000000000004e+01	   6.0740229513158383e+01	
   3.3399999999999999e+01	   6.0757364195692986e+01	
   3.3500000000000000e+01	   6.6419775154628311e+01	
   3.3600000000000001e+01	   6.6899605205678455e+01	
   3.3700000000000003e+01	   6.6375636188936852e+01	
   3.3800000000000004e+01	   6.6611479788579814e+01	
   3.3899999999999999e+01	   6.8327520450083540e+01	
   3.4000000000000000e+01	   6.4461043830887320e+01	
   3.4100000000000001e+01	   6.7116510852702689e+01	
   3.4200000000000003e+01	   6.4291188614907981e+01	
   3.4300000000000004e+01	   6.8549797694009428e+01	
   3.4399999999999999e+01	   6.1098995287585154e+01	
   3.4500000000000000e+01	   6.9026352355433588e+01	
   3.4600000000000001e+01	   6.5824697399641579e+01	
   3.4700000000000003e+01	   6.4121048008606223e+01	
   3.4800000000000004e+01	   6.5894651369978149e+01	
   3.4899999999999999e+01	   6.3917450636605921e+01	
   3.5000000000000000e+01	   6.2875503337840321e+01	
   3.5100000000000001e+01	   6.7007919434769889e+01	
   3.5200000000000003e+01	   6.7241639442556263e+01	
   3.5300000000000004e+01	   6.8188638741177925e+01	
   3.5399999999999999e+01	   6.4718903655987262e+01	
   3.5500000000000000e+01	   6.4010246998724512e+01	
   3.5600000000000001e+01	   6.4848612884699463e+01	
   3.5700000000000003e+01	   6.4795777947159436e+01	
   3.5800000000000004e+01	   6.9663926648691017e+01	
   3.5899999999999999e+01	   6.8369139863751258e+01	
   3.6000000000000000e+01	   6.4702179394987610e+01	
   3.6100000000000001e+01	   6.7320610242646879e+01	
   3.6200000000000003e+01	   6.8673497122979100e+01	
   3.6300000000000004e+01	   6.9387761105884181e+01	
   3.6399999999999999e+01	   6.9906860303405963e+01	
   3.6500000000000000e+01	   6.7528323756774412e+01	
   3.6600000000000001e+01	   6.3381798058817758e+01	
   3.6700000000000003e+01	   6.4647883881973357e+01	
   3.6800000000000004e+01	   6.9928017596768427e+01	
   3.6899999999999999e+01	   6.6354889237891285e+01	
   3.7000000000000000e+01	   6.8398399485723615e+01	
   3.7100000000000001e+01	   6.9443367158655263e+01	
   3.7200000000000003e+01	   6.5224520151298833e+01	
   3.7300000000000004e+01	   6.7741958739748071e+01	
   3.7399999999999999e+01	   6.5207543819466622e+01	
   3.7500000000000000e+01	   6.3489646106927111e+01	
   3.7600000000000001e+01	   6.9630120843622848e+01	
   3.7700000000000003e+01	   6.3733510902729350e+01	
   3.7800000000000004e+01	   6.6764688441122985e+01	
   3.7899999999999999e+01	   6.5700374341331894e+01	
   3.8000000000000000e+01	   6.5373155937336591e+01	
   3.8100000000000001e+01	   6.9096198391362364e+01	
   3.8200000000000003e+01	   7.1173615284536140e+01	
   3.8300000000000004e+01	   6.3967788216880443e+01	
   3.8400000000000006e+01	   6.9940015135260126e+01	
   3.8500000000000000e+01	   7.0421229406848624e+01	
   3.8600000000000001e+01	   7.1340659253883331e+01	
   3.8700000000000003e+01	   7.1928434368013612e+01	
   3.8800000000000004e+01	   6.5143495808600633e+01	
   3.8900000000000006e+01	   6.8388260173803701e+01	
   3.9000000000000000e+01	   7.0863383306656729e+01	
   3.9100000000000001e+01	   6.9434017887106378e+01	
   3.9200000000000003e+01	   7.2018536521412130e+01	
   3.9300000000000004e+01	   7.2011249223980116e+01	
   3.9400000000000006e+01	   7.2216431063679323e+01	
   3.9500000000000000e+01	   6.5069259020736084e+01	
   3.9600000000000001e+01	   6.8076865251595763e+01	
   3.9700000000000003e+01	   6.7188552250083205e+01	
   3.9800000000000004e+01	   6.5738658844711111e+01	
   3.9900000000000006e+01	   6.5786496572728069e+01	
   4.0000000000000000e+01	   7.1200132439470124e+01	
   4.0100000000000001e+01	   6.8992563329938918e+01	
   4.0200000000000003e+01	   7.2389564798637025e+01	
   4.0300000000000004e+01	   7.2782450727346628e+01	
   4.0400000000000006e+01	   6.8194265404229540e+01	
   4.0500000000000000e+01	   6.7923157124917111e+01	
   4.0600000000000001e+01	   6.6806188811147393e+01	
   4.0700000000000003e+01	   6.8596465068086474e+01	
   4.0800000000000004e+01	   6.7194009136896383e+01	
   4.0900000000000006e+01	   6.8772187501022003e+01	
   4.1000000000000000e+01	   6.8596995732573930e+01	
   4.1100000000000001e+01	   6.7244234967330556e+01	
   4.1200000000000003e+01	   6.6269615164224490e+01	
   4.1300000000000004e+01	   6.8585534871384070e+01	
   4.1400000000000006e+01	   6.9317556471451354e+01	
   4.1500000000000000e+01	   6.7887389736560763e+01	
   4.1600000000000001e+01	   7.0799580304147682e+01	
   4.1700000000000003e+01	   6.8895249925688475e+01	
   4.1800000000000004e+01	   6.8863393398881229e+01	
   4.1900000000000006e+01	   7.1749018457263134e+01	
   4.2000000000000000e+01	   7.1955177186876554e+01	
   4.2100000000000001e+01	   7.1472677364225760e+01	
   4.2200000000000003e+01	   7.1794027273552274e+01	
   4.2300000000000004e+01	   6.9513476384463488e+01	
   4.2400000000000006e+01	   6.9967302281946360e+01	
   4.2500000000000000e+01	   7.0593507797522904e+01	
   4.2600000000000001e+01	   6.6352238784835620e+01	
   4.2700000000000003e+01	   6.7553702829086660e+01	
   4.2800000000000004e+01	   7.0533214508040899e+01	
   4.2900000000000006e+01	   6.8065364882347325e+01	
   4.3000000000000000e+01	   7.1778849528266747e+01	
   4.3100000000000001e+01	   6.7797516350657006e+01	
   4.3200000000000003e+01	   6.5991460169935564e+01	
   4.3300000000000004e+01	   6.8062781107509252e+01	
   4.3400000000000006e+01	   7.0155234685164885e+01	
   4.3500000000000000e+01	   7.3470089325210296e+01	
   4.3600000000000001e+01	   7.1242820432012266e+01	
   4.3700000000000003e+01	   7.1484353480587842e+01	
   4.3800000000000004e+01	   7.0224165024835415e+01	
   4.3900000000000006e+01	   7.0028545600214144e+01	
   4.4000000000000000e+01	   7.2776433803366345e+01	
   4.4100000000000001e+01	   6.8923510236457929e+01	
   4.4200000000000003e+01	   6.9450486478781244e+01	
   4.4300000000000004e+01	   6.7458291774882696e+01	
   4.4400000000000006e+01	   7.1856044201771809e+01	
   4.4500000000000000e+01	   7.0176073421250365e+01	
   4.4600000000000001e+01	   6.8665470515598003e+01	
   4.4700000000000003e+01	   7.1417324496923996e+01	
   4.4800000000000004e+01	   6.6685248755573426e+01	
   4.4900000000000006e+01	   6.5865630881763948e+01	
   4.5000000000000000e+01	   7.0591586718184018e+01	
   4.5100000000000001e+01	   7.1086153287025283e+01	
   4.5200000000000003e+01	   7.0451520226479218e+01	
   4.5300000000000004e+01	   7.3088955060346166e+01	
   4.5400000000000006e+01	   7.0894414188750105e+01	
   4.5500000000000000e+01	   7.0007027205705441e+01	
   4.5600000000000001e+01	   6.7874843538785257e+01	
   4.5700000000000003e+01	   6.6201697073951948e+01	
   4.5800000000000004e+01	   7.1641552008053736e+01	
   4.5900000000000006e+01	   6.7093052622009566e+01	
   4.6000000000000000e+01	   6.8013817828365660e+01	
   4.6100000000000001e+01	   6.7837131521604547e+01	
   4.6200000000000003e+01	   7.0128699745688309e+01	
   4.6300000000000004e+01	   7.0071450033374845e+01	
   4.6400000000000006e+01	   7.2034728215330759e+01	
   4.6500000000000000e+01	   7.2674337999026079e+01	
   4.6600000000000001e+01	   7.2004639125689053e+01	
   4.6700000000000003e+01	   7.3445709734411309e+01	
   4.6800000000000004e+01	   6.7119154613430936e+01	
   4.6900000000000006e+01	   7.3104475314260924e+01	
   4.7000000000000000e+01	   6.6004323714580394e+01	
   4.7100000000000001e+01	   6.7550852303794684e+01	
   4.7200000000000003e+01	   6.5678253610512741e+01	
   4.7300000000000004e+01	   7.0961041648094522e+01	
   4.7400000000000006e+01	   7.2806831306204032e+01	
   4.7500000000000000e+01	   7.0126840383340607e+01	
   4.7600000000000001e+01	   6.6769537223001151e+01	
   4.7700000000000003e+01	   6.9522276229604188e+01	
   4.7800000000000004e+01	   7.0021842769165829e+01	
   4.7900000000000006e+01	   6.6961950340468434e+01	
   4.8000000000000000e+01	   6.8024297937139977e+01	
   4.8100000000000001e+01	   7.1133129075480213e+01	
   4.8200000000000003e+01	   6.9801518428750725e+01	
   4.8300000000000004e+01	   6.6488755756013191e+01	
   4.8400000000000006e+01	   6.8364978376091400e+01	
   4.8500000000000000e+01	   6.8465347258248300e+01	
   4.8600000000000001e+01	   6.9876605947063851e+01	
   4.8700000000000003e+01	   6.5386919544346028e+01	
   4.8800000000000004e+01	   6.9820539587450696e+01	
   4.8900000000000006e+01	   7.2624816235469282e+01	
   4.9000000000000000e+01	   6.5988735349534863e+01	
   4.9100000000000001e+01	   7.0956614419157148e+01	
   4.9200000000000003e+01	   7.2828419932007961e+01	
   4.9300000000000004e+01	   6.9899301707073050e+01	
   4.9400000000000006e+01	   7.0748680969018508e+01	
   4.9500000000000000e+01	   6.7375672713615558e+01	
   4.9600000000000001e+01	   6.8587291118080714e+01	
   4.9700000000000003e+01	   6.5259959019695742e+01	
   4.9800000000000004e+01	   6.7918325875387140e+01	
   4.9900000000000006e+01	   6.7688180256764866e+01	
   5.0000000000000000e+01	   6.7053223598915054e+01	
   5.0100000000000001e+01	   7.1243517258050105e+01	
   5.0200000000000003e+01	   6.8270467136455849e+01	
   5.0300000000000004e+01	   7.1074892870505010e+01	
   5.0400000000000006e+01	   7.0897970382509413e+01	
   5.0500000000000000e+01	   6.6794168498453089e+01	
   5.0600000000000001e+01	   6.5030063010023781e+01	
   5.0700000000000003e+01	   6.4875284063944463e+01	
   5.0800000000000004e+01	   6.9487434620935261e+01	
   5.0900000000000006e+01	   6.7732120146899774e+01	
   5.1000000000000000e+01	   7.1531835597700066e+01	
   5.1100000000000001e+01	   6.7575069135483588e+01	
   5.1200000000000003e+01	   6.5417054499677747e+01	
   5.1300000000000004e+01	   6.8451836995094169e+01	
   5.1400000000000006e+01	   7.1574998668997750e+01	
   5.1500000000000000e+01	   6.9311503572812398e+01	
   5.1600000000000001e+01	   6.7125889064873448e+01	
   5.1700000000000003e+01	   6.5984492172205066e+01	
   5.1800000000000004e+01	   7.0638975924060929e+01	
   5.1900000000000006e+01	   7.1358411253148731e+01	
   5.2000000000000000e+01	   6.6755419264448108e+01	
   5.2100000000000001e+01	   6.4218294571621414e+01	
   5.2200000000000003e+01	   6.5072515113684659e+01	
   5.2300000000000004e+01	   6.8164825828338635e+01	
   5.2400000000000006e+01	   6.4984085918533665e+01	
   5.2500000000000000e+01	   6.5765930842774296e+01	
   5.2600000000000001e+01	   6.7064173513859302e+01	
   5.2700000000000003e+01	   6.6082375957015230e+01	
   5.2800000000000004e+01	   6.5786757822634073e+01	
   5.2900000000000006e+01	   6.6854805072977655e+01	
   5.3000000000000000e+01	   6.4995885630485276e+01	
   5.3100000000000001e+01	   6.3263162705412803e+01	
   5.3200000000000003e+01	   6.8240377312116422e+01	
   5.3300000000000004e+01	   6.4173965384207548e+01	
   5.3400000000000006e+01	   6.9254809706251578e+01	
   5.3500000000000000e+01	   6.6031304750821207e+01	
   5.3600000000000001e+01	   6.5310145799418734e+01	
   5.3700000000000003e+01	   6.8586660180229345e+01	
   5.3800000000000004e+01	   6.8516077571842544e+01	
   5.3900000000000006e+01	   6.3862810946342606e+01	
   5.4000000000000000e+01	   6.3336628742173438e+01	
   5.4100000000000001e+01	   6.3712860599202486e+01	
   5.4200000000000003e+01	   6.7263315697450849e+01	
   5.4300000000000004e+01	   6.8901839248640229e+01	
   5.4400000000000006e+01	   6.6169248641160905e+01	
   5.4500000000000000e+01	   6.3335759083175148e+01	
   5.4600000000000001e+01	   6.7644350414144355e+01	
   5.4700000000000003e+01	   6.9105662212854881e+01	
   5.4800000000000004e+01	   6.3516319105274157e+01	
   5.4900000000000006e+01	   6.8653560731052806e+01	
   5.5000000000000000e+01	   6.3297608306561536e+01	
   5.5100000000000001e+01	   6.8212492538815482e+01	
   5.5200000000000003e+01	   6.8309040458516932e+01	
   5.5300000000000004e+01	   6.5536303357130748e+01	
   5.5400000000000006e+01	   6.5082046295292685e+01	
   5.5500000000000000e+01	   6.8295274159877067e+01	
   5.5600000000000001e+01	   6.1609089707018121e+01	
   5.5700000000000003e+01	   6.5075607027832291e+01	
   5.5800000000000004e+01	   6.5877027522336633e+01	
   5.5900000000000006e+01	   6.6689078467317785e+01	
   5.6000000000000000e+01	   6.2569613981163862e+01	
   5.6100000000000001e+01	   6.0812935614792160e+01	
   5.6200000000000003e+01	   6.1657400608754038e+01	
   5.6300000000000004e+01	   6.6608291481966091e+01	
   5.6400000000000006e+01	   6.8116310439388954e+01	
   5.6500000000000000e+01	   6.3357717221557735e+01	
   5.6600000000000001e+01	   6.8115174084131965e+01	
   5.6700000000000003e+01	   6.2682507515819793e+01	
   5.6800000000000004e+01	   6.1071475383199413e+01	
   5.6900000000000006e+01	   6.2954263947855267e+01	
   5.7000000000000000e+01	   6.4278591070160985e+01	
   5.7100000000000001e+01	   6.4748680217755094e+01	
   5.7200000000000003e+01	   6.3910564379973067e+01	
   5.7300000000000004e+01	   6.1996602519067601e+01	
   5.7400000000000006e+01	   6.0649437290618877e+01	
   5.7500000000000000e+01	   6.0493149549855744e+01	
   5.7600000000000001e+01	   6.0264451095528059e+01	
   5.7700000000000003e+01	   6.4743125370604929e+01	
   5.7800000000000004e+01	   6.2678703277981370e+01	
   5.7900000000000006e+01	   5.9760276980552916e+01	
   5.8000000000000000e+01	   6.4354692439358530e+01	
   5.8100000000000001e+01	   6.0080340267426287e+01	
   5.8200000000000003e+01	   6.4961822103483200e+01	
   5.8300000000000004e+01	   6.2535390652428646e+01	
   5.8400000000000006e+01	   6.2701752448623090e+01	
   5.8500000000000000e+01	   5.9866748090951837e+01	
   5.8600000000000001e+01	   6.4369687537088865e+01	
   5.8700000000000003e+01	   6.2193123543730792e+01	
   5.8800000000000004e+01	   6.2436868110631487e+01	
   5.8900000000000006e+01	   6.1131728141938112e+01	
   5.9000000000000000e+01	   6.3410620951128294e+01	
   5.9100000000000001e+01	   5.8111694280274300e+01	
   5.9200000000000003e+01	   6.2169950774115975e+01	
   5.9300000000000004e+01	   6.4190593706514719e+01	
   5.9400000000000006e+01	   6.0768155780577942e+01	
   5.9500000000000000e+01	   6.2280593493300138e+01	
   5.9600000000000001e+01	   5.9369242395583704e+01	
   5.9700000000000003e+01	   6.1681717579203919e+01	
   5.9800000000000004e+01	   5.8933415876515873e+01	
   5.9900000000000006e+01	   6.2977955906965747e+01	
   6.0000000000000000e+01	   6.2829331751255850e+01	
   6.0099999999999994e+01	   6.3970458971597473e+01	
   6.0199999999999996e+01	   5.9769518807154242e+01	
   6.0299999999999997e+01	   5.9746192027259497e+01	
   6.0399999999999999e+01	   6.0765250482448813e+01	
   6.0500000000000000e+01	   6.2582541202501609e+01	
   6.0599999999999994e+01	   5.5965294198358997e+01	
   6.0699999999999996e+01	   5.7087248114838076e+01	
   6.0799999999999997e+01	   6.3010512509668352e+01	
   6.0899999999999999e+01	   6.2917080235109921e+01	
   6.1000000000000000e+01	   5.8828801102421593e+01	
   6.1099999999999994e+01	   6.1562087836463469e+01	
   6.1199999999999996e+01	   6.2376242671855017e+01	
   6.1299999999999997e+01	   6.0196010724280811e+01	
   6.1399999999999999e+01	   5.7661277490340083e+01	
   6.1500000000000000e+01	   5.7795816528724657e+01	
   6.1599999999999994e+01	   5.7927760706531252e+01	
   6.1699999999999996e+01	   5.9712569474368628e+01	
   6.1799999999999997e+01	   5.7869434870698619e+01	
   6.1899999999999999e+01	   6.1639773432108733e+01	
   6.2000000000000000e+01	   5.6715324912395701e+01	
   6.2099999999999994e+01	   5.6453283696317001e+01	
   6.2199999999999996e+01	   6.0770669364158522e+01	
   6.2299999999999997e+01	   5.7829233361409486e+01	
   6.2399999999999999e+01	   5.9321299136774279e+01	
   6.2500000000000000e+01	   5.4186618582244215e+01	
   6.2599999999999994e+01	   5.6673354312261324e+01	
   6.2699999999999996e+01	   5.3504650947594321e+01	
   6.2799999999999997e+01	   5.8071866631715871e+01	
   6.2899999999999999e+01	   5.8252149476076774e+01	
   6.3000000000000000e+01	   5.9831645572191142e+01	
   6.3099999999999994e+01	   5.7617032786529741e+01	
   6.3199999999999996e+01	   5.7713026925216013e+01	
   6.3299999999999997e+01	   5.8877021817023959e+01	
   6.3399999999999999e+01	   5.5644809169728283e+01	
   6.3500000000000000e+01	   5.5423106150032332e+01	
   6.3599999999999994e+01	   5.8057112140244371e+01	
   6.3699999999999996e+01	   5.8058740907147850e+01	
   6.3799999999999997e+01	   5.2835740449501941e+01	
   6.3899999999999999e+01	   5.1368611934915556e+01	
   6.4000000000000000e+01	   5.1468048450200520e+01	
   6.4099999999999994e+01	   5.2006645583959838e+01	
   6.4199999999999989e+01	   5.2083474527129937e+01	
   6.4299999999999997e+01	   5.5567179912444885e+01	
   6.4400000000000006e+01	   5.0644175557176553e+01	
   6.4500000000000000e+01	   5.4033681305994634e+01	
   6.4599999999999994e+01	   5.5528873555225594e+01	
   6.4699999999999989e+01	   5.0865292146243561e+01	
   6.4799999999999997e+01	   5.1680483458594260e+01	
   6.4900000000000006e+01	   5.1948953119331939e+01	
   6.5000000000000000e+01	   5.0862041350515604e+01	
   6.5099999999999994e+01	   5.1912671035056789e+01	
   6.5199999999999989e+01	   5.5574284178259163e+01	
   6.5299999999999997e+01	   5.1404206509397326e+01	
   6.5400000000000006e+01	   5.5053230354946514e+01	
   6.5500000000000000e+01	   5.3110834929476184e+01	
   6.5599999999999994e+01	   5.2966003778311709e+01	
   6.5699999999999989e+01	   5.4212809975967808e+01	
   6.5799999999999997e+01	   5.4395153857221729e+01	
   6.5900000000000006e+01	   5.5250819593263728e+01	
   6.6000000000000000e+01	   4.8986633345799348e+01	
   6.6099999999999994e+01	   5.4070531807528774e+01	
   6.6199999999999989e+01	   4.9069215285208180e+01	
   6.6299999999999997e+01	   4.7621066198439095e+01	
   6.6400000000000006e+01	   4.8243105362962226e+01	
   6.6500000000000000e+01	   4.8128005849954981e+01	
   6.6599999999999994e+01	   4.7918098446617989e+01	
   6.6699999999999989e+01	   5.4206559424372458e+01	
   6.6799999999999997e+01	   4.8742573770765944e+01	
   6.6900000000000006e+01	   5.3929803608955332e+01	
   6.7000000000000000e+01	   5.1324595837965660e+01	
   6.7099999999999994e+01	   5.3030048750946918e+01	
   6.7199999999999989e+01	   4.8816188606147456e+01	
   6.7299999999999997e+01	   4.7598410689937083e+01	
   6.7400000000000006e+01	   4.7035928418359966e+01	
   6.7500000000000000e+01	   4.9730560098953887e+01	
   6.7599999999999994e+01	   4.7233679584618123e+01	
   6.7699999999999989e+01	   4.7466119373246997e+01	
   6.7799999999999997e+01	   4.4970104738112511e+01	
   6.7900000000000006e+01	   4.9371210649900490e+01	
   6.8000000000000000e+01	   5.2196769451433397e+01	
   6.8099999999999994e+01	   5.1119490510495098e+01	
   6.8199999999999989e+01	   4.4208048873832226e+01	
   6.8299999999999997e+01	   4.9039961564605790e+01	
   6.8400000000000006e+01	   4.6664732615200599e+01	
   6.8500000000000000e+01	   4.4524944427400378e+01	
   6.8599999999999994e+01	   4.7760494744741123e+01	
   6.8699999999999989e+01	   4.6586228260319132e+01	
   6.8799999999999997e+01	   4.7211975248850763e+01	
   6.8900000000000006e+01	   4.9983926759469533e+01	
   6.9000000000000000e+01	   4.3909296093507578e+01	
   6.9099999999999994e+01	   4.6010156890509215e+01	
   6.9199999999999989e+01	   4.2823104070250821e+01	
   6.9299999999999997e+01	   4.5216518185175588e+01	
   6.9400000000000006e+01	   4.7764155056047073e+01	
   6.9500000000000000e+01	   4.2562514404805007e+01	
   6.9599999999999994e+01	   4.6954886939519930e+01	
   6.9699999999999989e+01	   4.3803815548492274e+01	
   6.9799999999999997e+01	   4.6035806997325516e+01	
   6.9900000000000006e+01	   4.2276263250785881e+01	
   7.0000000000000000e+01	   4.4366057573669408e+01	
   7.0099999999999994e+01	   4.0789545724056389e+01	
   7.0199999999999989e+01	   4.2332772983596811e+01	
   7.0299999999999997e+01	   4.2421986501395452e+01	
   7.0400000000000006e+01	   4.4215051058822318e+01	
   7.0500000000000000e+01	   4.1655530599926507e+01	
   7.0599999999999994e+01	   4.2514076782589555e+01	
   7.0699999999999989e+01	   4.5537549123397497e+01	
   7.0799999999999997e+01	   4.2673251254725507e+01	
   7.0900000000000006e+01	   3.9619070976251088e+01	
   7.1000000000000000e+01	   4.2101504419354761e+01	
   7.1099999999999994e+01	   4.2584855903899317e+01	
   7.1199999999999989e+01	   4.5198733832607715e+01	
   7.1299999999999997e+01	   4.0831981370043785e+01	
   7.1400000000000006e+01	   4.4783301950519629e+01	
   7.1500000000000000e+01	   4.2540052674211452e+01	
   7.1599999999999994e+01	   3.8254789299897169e+01	
   7.1699999999999989e+01	   3.9704462047906020e+01	
   7.1799999999999997e+01	   4.2141282068631973e+01	
   7.1900000000000006e+01	   4.1069922847135459e+01	
   7.2000000000000000e+01	   3.8624356724552690e+01	
   7.2099999999999994e+01	   3.8749850951337436e+01	
   7.2199999999999989e+01	   4.2881397756785738e+01	
   7.2299999999999997e+01	   4.1379934362042661e+01	
   7.2400000000000006e+01	   3.7395597725100245e+01	
   7.2500000000000000e+01	   4.1772245466092777e+01	
   7.2599999999999994e+01	   3.9055374796778565e+01	
   7.2699999999999989e+01	   3.9342054892829992e+01	
   7.2799999999999997e+01	   4.1100393551608363e+01	
   7.2900000000000006e+01	   3.8450506825459783e+01	
   7.3000000000000000e+01	   3.5154112481957966e+01	
   7.3099999999999994e+01	   3.5433883952220725e+01	
   7.3199999999999989e+01	   3.9362563747606870e+01	
   7.3299999999999997e+01	   3.7998817695387253e+01	
   7.3400000000000006e+01	   4.1640089270984191e+01	
   7.3500000000000000e+01	   3.4782124429881762e+01	
   7.3599999999999994e+01	   3.6821717687251684e+01	
   7.3699999999999989e+01	   3.7981287359911370e+01	
   7.3799999999999997e+01	   3.4301194163286603e+01	
   7.3900000000000006e+01	   4.0437487968098900e+01	
   7.4000000000000000e+01	   3.8061559711266426e+01	
   7.4099999999999994e+01	   4.0031747723425717e+01	
   7.4199999999999989e+01	   3.7625540688865648e+01	
   7.4299999999999997e+01	   3.2487160255866385e+01	
   7.4400000000000006e+01	   3.4696930005419254e+01	
   7.4500000000000000e+01	   3.2851406627945309e+01	
   7.4599999999999994e+01	   3.6783040661677362e+01	
   7.4699999999999989e+01	   3.2023470518609400e+01	
   7.4799999999999997e+01	   3.6719780617001334e+01	
   7.4900000000000006e+01	   3.4936929780306926e+01	
   7.5000000000000000e+01	   3.3350951460678409e+01	
   7.5099999999999994e+01	   3.4825991524570625e+01	
   7.5199999999999989e+01	   3.6139873540226461e+01	
   7.5299999999999997e+01	   3.6780435110359868e+01	
   7.5400000000000006e+01	   3.2585496078582516e+01	
   7.5500000000000000e+01	   3.2336513924405786e+01	
   7.5599999999999994e+01	   3.2392566155463008e+01	
   7.5699999999999989e+01	   3.4749435238966242e+01	
   7.5799999999999997e+01	   3.6093406840755414e+01	
   7.5900000000000006e+01	   3.5084500953173588e+01	
   7.6000000000000000e+01	   3.5781998673548394e+01	
   7.6099999999999994e+01	   3.5529813824025602e+01	
   7.6199999999999989e+01	   2.9726488121549977e+01	
   7.6299999999999997e+01	   3.4929797703623038e+01	
   7.6400000000000006e+01	   3.5588162335209184e+01	
   7.6500000000000000e+01	   3.3856171886024285e+01	
   7.6599999999999994e+01	   3.4477313238402438e+01	
   7.6699999999999989e+01	   2.7798789164998766e+01	
   7.6799999999999997e+01	   3.2215729115455559e+01	
   7.6900000000000006e+01	   2.9415695915592238e+01	
   7.7000000000000000e+01	   3.1726854728727758e+01	
   7.7099999999999994e+01	   3.3422871011994303e+01	
   7.7199999999999989e+01	   2.9154377274344718e+01	
   7.7299999999999997e+01	   3.2079221882214597e+01	
   7.7400000000000006e+01	   2.7069695367691569e+01	
   7.7500000000000000e+01	   2.9662118054471122e+01	
   7.7599999999999994e+01	   3.0302924446873398e+01	
   7.7699999999999989e+01	   3.0773191237413577e+01	
   7.7799999999999997e+01	   2.7291298662804390e+01	
   7.7900000000000006e+01	   2.6727523356608764e+01	
   7.8000000000000000e+01	   3.1723602499324485e+01	
   7.8099999999999994e+01	   2.9093050519173360e+01	
   7.8199999999999989e+01	   2.4695035581303600e+01	
   7.8299999999999997e+01	   2.8747730852336026e+01	
   7.8400000000000006e+01	   2.5038557718952308e+01	
   7.8500000000000000e+01	   2.9493896249198070e+01	
   7.8599999999999994e+01	   2.9969695588880349e+01	
   7.8699999999999989e+01	   2.5497527616341330e+01	
   7.8799999999999997e+01	   2.3687042991133200e+01	
   7.8900000000000006e+01	   2.8502000379876279e+01	
   7.9000000000000000e+01	   2.4701383687298627e+01	
   7.9099999999999994e+01	   2.3945401953744192e+01	
   7.9199999999999989e+01	   2.3300538898711707e+01	
   7.9299999999999997e+01	   2.2025283821984445e+01	
   7.9400000000000006e+01	   2.5661443497150042e+01	
   7.9500000000000000e+01	   2.4249295598121748e+01	
   7.9599999999999994e+01	   2.6792069169641760e+01	
   7.9699999999999989e+01	   2.4460648860748677e+01	
   7.9799999999999997e+01	   2.3413208606438424e+01	
   7.9900000000000006e+01	   2.0597629976725095e+01	
   8.0000000000000000e+01	   2.1587042363286429e+01	
   8.0099999999999994e+01	   2.3999354954271183e+01	
   8.0199999999999989e+01	   2.2704094390582146e+01	
   8.0299999999999997e+01	   2.6396927242489962e+01	
   8.0400000000000006e+01	   1.9409539438216104e+01	
   8.0500000000000000e+01	   2.2277018919147920e+01	
   8.0599999999999994e+01	   2.2800890009424393e+01	
   8.0699999999999989e+01	   1.9340045311319706e+01	
   8.0799999999999997e+01	   2.2364037695601819e+01	
   8.0900000000000006e+01	   2.4664036327753820e+01	
   8.1000000000000000e+01	   1.9157594892478055e+01	
   8.1099999999999994e+01	   1.8586431128302547e+01	
   8.1199999999999989e+01	   1.7600422752474199e+01	
   8.1299999999999997e+01	   2.2165577602022289e+01	
   8.1400000000000006e+01	   1.6793137527133744e+01	
   8.1500000000000000e+01	   1.8740219040838632e+01	
   8.1599999999999994e+01	   2.3968816611361120e+01	
   8.1699999999999989e+01	   2.2061934217614404e+01	
   8.1799999999999997e+01	   1.7660623588817415e+01	
   8.1900000000000006e+01	   2.0934182025056817e+01	
   8.2000000000000000e+01	   1.6345953683792459e+01	
   8.2099999999999994e+01	   2.0047240532210687e+01	
   8.2199999999999989e+01	   2.1630262715714501e+01	
   8.2299999999999997e+01	   2.1737701061993711e+01	
   8.2400000000000006e+01	   1.7091204939385644e+01	
   8.2500000000000000e+01	   1.7959459561922493e+01	
   8.2599999999999994e+01	   1.9269618083604843e+01	
   8.2699999999999989e+01	   1.9230736108550079e+01	
   8.2799999999999997e+01	   1.7048901843728011e+01	
   8.2900000000000006e+01	   1.6039864629744244e+01	
   8.3000000000000000e+01	   1.5131456237383647e+01	
   8.3099999999999994e+01	   1.3262412311960619e+01	
   8.3199999999999989e+01	   1.5973016103318464e+01	
   8.3299999999999997e+01	   1.3504706174677478e+01	
   8.3400000000000006e+01	   1.5131889920716851e+01	
   8.3500000000000000e+01	   1.9069223583816250e+01	
   8.3599999999999994e+01	   1.5557678029416799e+01	
   8.3699999999999989e+01	   1.8542409856528682e+01	
   8.3799999999999997e+01	   1.1726825428390168e+01	
   8.3900000000000006e+01	   1.8697551351615541e+01	
   8.4000000000000000e+01	   1.1286443215757345e+01	
   8.4099999999999994e+01	   1.2781697595247891e+01	
   8.4199999999999989e+01	   1.6320887996555420e+01	
   8.4299999999999997e+01	   1.4618287585129387e+01	
   8.4400000000000006e+01	   1.3287382624649226e+01	
   8.4500000000000000e+01	   1.1706031616485442e+01	
   8.4599999999999994e+01	   1.0147065861086158e+01	
   8.4699999999999989e+01	   1.1202298563310508e+01	
   8.4799999999999997e+01	   9.9356304535138520e+00	
   8.4900000000000006e+01	   1.0899678623813273e+01	
   8.5000000000000000e+01	   9.0016472026295880e+00	
   8.5099999999999994e+01	   1.4539568405726934e+01	
   8.5199999999999989e+01	   1.5415396911821309e+01	
   8.5299999999999997e+01	   9.1484733599168298e+00	
   8.5400000000000006e+01	   1.2810433576032743e+01	
   8.5500000000000000e+01	   7.2332954535169494e+00	
   8.5599999999999994e+01	   1.1610787198916704e+01	
   8.5699999999999989e+01	   1.1794449729208287e+01	
   8.5799999999999997e+01	   6.4961315808047893e+00	
   8.5900000000000006e+01	   5.9840545010292976e+00	
   8.6000000000000000e+01	   6.8558302011622319e+00	
   8.6099999999999994e+01	   1.2373978011956234e+01	
   8.6199999999999989e+01	   7.4415371960097172e+00	
   8.6299999999999997e+01	   9.2451611853821873e+00	
   8.6400000000000006e+01	   8.9276807681725536e+00	
   8.6500000000000000e+01	   9.0490269182953575e+00	
   8.6599999999999994e+01	   6.9304168065990250e+00	
   8.6699999999999989e+01	   7.3314592541182266e+00	
   8.6799999999999997e+01	   7.0967847432319893e+00	
   8.6900000000000006e+01	   1.1411151662697890e+01	
   8.7000000000000000e+01	   3.7593777666559332e+00	
   8.7099999999999994e+01	   6.2274035499860965e+00	
   8.7199999999999989e+01	   9.1431362350698819e+00	
   8.7299999999999997e+01	   7.3234833859057629e+00	
   8.7400000000000006e+01	   4.8038524764451491e+00	
   8.7500000000000000e+01	   9.2990419426510904e+00	
   8.7599999999999994e+01	   2.5868314269618207e+00	
   8.7699999999999989e+01	   4.1511582343771449e+00	
   8.7799999999999997e+01	   8.4516914766240951e+00	
   8.7900000000000006e+01	   6.3724440999468390e+00	
   8.8000000000000000e+01	   6.3460556880765226e+00	
   8.8099999999999994e+01	   4.4183800804503948e+00	
   8.8200000000000003e+01	   1.5135584867583782e+00	
   8.8299999999999997e+01	   7.7477649978633059e+00	
   8.8400000000000006e+01	   6.9580852101469288e+00	
   8.8500000000000000e+01	   3.1532473832019443e+00	
   8.8599999999999994e+01	   6.0900116944112357e+00	
   8.8700000000000003e+01	   1.7680812103707999e+00	
   8.8799999999999997e+01	   1.8645865347016914e+00	
   8.8900000000000006e+01	   5.0386903728489436e+00	
   8.9000000000000000e+01	  -7.6908577107238241e-01	
   8.9099999999999994e+01	   5.8071371271421750e+00	
   8.9200000000000003e+01	  -2.0389105036013180e+00	
   8.9299999999999997e+01	   6.8854602161810607e-02	
   8.9400000000000006e+01	  -2.1503068597417281e+00	
   8.9500000000000000e+01	   7.6033088947856520e-01	
   8.9599999999999994e+01	   3.2935150184220134e+00	
   8.9700000000000003e+01	   4.0392333699651983e+00	
   8.9799999999999997e+01	   7.5341879243759102e-01	
   8.9900000000000006e+01	   2.6763049968642219e+00	
   9.0000000000000000e+01	   5.0128285288830787e-01	
   9.0099999999999994e+01	   1.7633181747539586e+00	
   9.0200000000000003e+01	  -4.4135410775183495e+00	
   9.0299999999999997e+01	  -9.1678963068452490e-01	
   9.0400000000000006e+01	  -2.9721078584988110e+00	
   9.0500000000000000e+01	  -2.7550617515567160e+00	
   9.0599999999999994e+01	   2.2735361142055819e+00	
   9.0700000000000003e+01	  -4.0352529240355981e+00	
   9.0799999999999997e+01	  -1.7854880909234931e+00	
   9.0900000000000006e+01	  -4.3885156306747977e+00	
   9.1000000000000000e+01	  -1.8988615083437539e+00	
   9.1099999999999994e+01	   1.3053335637759145e+00	
   9.1200000000000003e+01	  -5.8685494421487103e+00	
   9.1299999999999997e+01	   4.7047867362924345e-01	
   9.1400000000000006e+01	  -6.4193371951165075e+00	
   9.1500000000000000e+01	  -6.1638333684112387e+00	
   9.1599999999999994e+01	  -2.7250545375307107e+00	
   9.1700000000000003e+01	  -7.1150133252810415e+00	
   9.1799999999999997e+01	  -7.7330411964425192e+00	
   9.1900000000000006e+01	  -3.3529746467062900e+00	
   9.2000000000000000e+01	  -8.6507297570111170e+00	
   9.2099999999999994e+01	  -1.2315523057761881e+00	
   9.2200000000000003e+01	  -5.0413509819584847e+00	
   9.2299999999999997e+01	  -6.6082618107126967e+00	
   9.2400000000000006e+01	  -4.1879364193389481e+00	
   9.2500000000000000e+01	  -2.5053276966160798e+00	
   9.2599999999999994e+01	  -7.2691289453653827e+00	
   9.2700000000000003e+01	  -5.0267312440388814e+00	
   9.2799999999999997e+01	  -5.9960010785539906e+00	
   9.2900000000000006e+01	  -4.8529987657593114e+00	
   9.3000000000000000e+01	  -6.5627897388506371e+00	
   9.3099999999999994e+01	  -8.5303389272269037e+00	
   9.3200000000000003e+01	  -4.9768059259645767e+00	
   9.3299999999999997e+01	  -1.0218245309568125e+01	
   9.3400000000000006e+01	  -5.8904901028939536e+00	
   9.3500000000000000e+01	  -4.5330371483454766e+00	
   9.3599999999999994e+01	  -1.0499423788506629e+01	
   9.3700000000000003e+01	  -7.3085810891997802e+00	
   9.3799999999999997e+01	  -7.9161013299345173e+00	
   9.3900000000000006e+01	  -1.0156050075379046e+01	
   9.4000000000000000e+01	  -9.7299561496602962e+00	
   9.4099999999999994e+01	  -6.3643938030177836e+00	
   9.4200000000000003e+01	  -6.5730659115971966e+00	
   9.4299999999999997e+01	  -8.5761498712834445e+00	
   9.4400000000000006e+01	  -1.1602986171303570e+01	
   9.4500000000000000e+01	  -1.4600524083511168e+01	
   9.4599999999999994e+01	  -1.0498343861438444e+01	
   9.4700000000000003e+01	  -1.0884602046702019e+01	
   9.4799999999999997e+01	  -1.2801193938892832e+01	
   9.4900000000000006e+01	  -8.8412581464578306e+00	
   9.5000000000000000e+01	  -1.1126688697542953e+01	
   9.5099999999999994e+01	  -1.1370722723744095e+01	
   9.5200000000000003e+01	  -1.4236682499740022e+01	
   9.5299999999999997e+01	  -1.6244787511587816e+01	
   9.5400000000000006e+01	  -1.4732035629805726e+01	
   9.5500000000000000e+01	  -1.5443062378612304e+01	
   9.5599999999999994e+01	  -1.4792936749719775e+01	
   9.5700000000000003e+01	  -1.1011162648958265e+01	
   9.5799999999999997e+01	  -1.6754972053291791e+01	
   9.5900000000000006e+01	  -1.7013602637632079e+01	
   9.6000000000000000e+01	  -1.4445700075495338e+01	
   9.6099999999999994e+01	  -1.3926845956538831e+01	
   9.6200000000000003e+01	  -1.7700178169653832e+01	
   9.6299999999999997e+01	  -1.4145636614571888e+01	
   9.6400000000000006e+01	  -1.2715478338397382e+01	
   9.6500000000000000e+01	  -1.3446392520962824e+01	
   9.6599999999999994e+01	  -1.7825367298066066e+01	
   9.6700000000000003e+01	  -1.7661464103861231e+01	
   9.6799999999999997e+01	  -1.8950451762777440e+01	
   9.6900000000000006e+01	  -1.7072990663286692e+01	
   9.7000000000000000e+01	  -1.8275905510603415e+01	
   9.7099999999999994e+01	  -1.8887155932495617e+01	
   9.7200000000000003e+01	  -1.3907718122424448e+01	
   9.7299999999999997e+01	  -1.8400221675225392e+01	
   9.7400000000000006e+01	  -1.8798092890173972e+01	
   9.7500000000000000e+01	  -1.7326206419703517e+01	
   9.7599999999999994e+01	  -2.1756204233952495e+01	
   9.7700000000000003e+01	  -2.0897413099005508e+01	
   9.7799999999999997e+01	  -1.6985198949618020e+01	
   9.7900000000000006e+01	  -1.8407566293361086e+01	
   9.8000000000000000e+01	  -2.1641257572895370e+01	
   9.8099999999999994e+01	  -1.6729410774443863e+01	
   9.8200000000000003e+01	  -2.0321312139058467e+01	
   9.8299999999999997e+01	  -1.9586802882678274e+01	
   9.8400000000000006e+01	  -1.9954486927834829e+01	
   9.8500000000000000e+01	  -2.2930532981962070e+01	
   9.8599999999999994e+01	  -2.3990798679775629e+01	
   9.8700000000000003e+01	  -2.1164236706716999e+01	
   9.8799999999999997e+01	  -2.4864962404359261e+01	
   9.8900000000000006e+01	  -2.1861685057584012e+01	
   9.9000000000000000e+01	  -2.1110536295254658e+01	
   9.9099999999999994e+01	  -2.0694833753494358e+01	
   9.9200000000000003e+01	  -2.5762720595563952e+01	
   9.9299999999999997e+01	  -2.0588356930223547e+01	
   9.9400000000000006e+01	  -2.5143798204367773e+01	
   9.9500000000000000e+01	  -2.1981885153992526e+01	
   9.9599999999999994e+01	  -2.2094703787713748e+01	
   9.9700000000000003e+01	  -2.1010344898191800e+01	
   9.9799999999999997e+01	  -2.6968748566562304e+01	
   9.9900000000000006e+01	  -2.0810566862965633e+01	
   1.0000000000000000e+02	  -2.4803235832348069e+01	
   1.0009999999999999e+02	  -2.4909410206693185e+01	
   1.0020000000000000e+02	  -2.5731579741546618e+01	
   1.0030000000000000e+02	  -2.4120059957336053e+01	
   1.0040000000000001e+02	  -2.6427781937354002e+01	
   1.0050000000000000e+02	  -2.6089842596470785e+01	
   1.0059999999999999e+02	  -2.6453770986793067e+01	
   1.0070000000000000e+02	  -2.4431412558818131e+01	
   1.0080000000000000e+02	  -2.4384405360660612e+01	
   1.0090000000000001e+02	  -2.1989595172490628e+01	
   1.0100000000000000e+02	  -2.2597583721852956e+01	
   1.0109999999999999e+02	  -2.7575480218301312e+01	
   1.0120000000000000e+02	  -2.9059747437492433e+01	
   1.0130000000000000e+02	  -2.3472265614729000e+01	
   1.0140000000000001e+02	  -2.8744155142884392e+01	
   1.0150000000000000e+02	  -2.6871303308592701e+01	
   1.0159999999999999e+02	  -2.4147740305309057e+01	
   1.0170000000000000e+02	  -3.1005765058600630e+01	
   1.0180000000000000e+02	  -2.9888064683542314e+01	
   1.0190000000000001e+02	  -2.8756392747480700e+01	
   1.0200000000000000e+02	  -2.7773788120400944e+01	
   1.0209999999999999e+02	  -2.5421855322085797e+01	
   1.0220000000000000e+02	  -3.1094324884105511e+01	
   1.0230000000000000e+02	  -2.5325626675230787e+01	
   1.0240000000000001e+02	  -2.9811428547853126e+01	
   1.0250000000000000e+02	  -2.7225741200325533e+01	
   1.0259999999999999e+02	  -2.9523131341513789e+01	
   1.0270000000000000e+02	  -3.1295106598868372e+01	
   1.0280000000000000e+02	  -3.0712526696061978e+01	
   1.0290000000000001e+02	  -2.8641649956331978e+01	
   1.0300000000000000e+02	  -2.7274382803913259e+01	
   1.0309999999999999e+02	  -2.7702699293220935e+01	
   1.0320000000000000e+02	  -3.3963742920872633e+01	
   1.0330000000000000e+02	  -3.4300179310874022e+01	
   1.0340000000000001e+02	  -2.8329571064630336e+01	
   1.0350000000000000e+02	  -3.0469831638896466e+01	
   1.0359999999999999e+02	  -3.5589230711439882e+01	
   1.0370000000000000e+02	  -3.2090278137353501e+01	
   1.0380000000000000e+02	  -2.9188537173801663e+01	
   1.0390000000000001e+02	  -3.3474102129432893e+01	
   1.0400000000000000e+02	  -3.4438883037524100e+01	
   1.0409999999999999e+02	  -3.5117974359350022e+01	
   1.0420000000000000e+02	  -3.5597246942954399e+01	
   1.0430000000000000e+02	  -3.4376547588040026e+01	
   1.0440000000000001e+02	  -3.2874430048629485e+01	
   1.0450000000000000e+02	  -3.5699008674853005e+01	
   1.0459999999999999e+02	  -3.3079488222771914e+01	
   1.0470000000000000e+02	  -3.1835008764874630e+01	
   1.0480000000000000e+02	  -3.7651877473183532e+01	
   1.0490000000000001e+02	  -3.2861405206471403e+01	
   1.0500000000000000e+02	  -3.3717862924564507e+01	
   1.0509999999999999e+02	  -3.5320180100776739e+01	
   1.0520000000000000e+02	  -3.1864524360380990e+01	
   1.0530000000000000e+02	  -3.8766245500691980e+01	
   1.0540000000000001e+02	  -3.4954480266420134e+01	
   1.0550000000000000e+02	  -3.8087923047530218e+01	
   1.0559999999999999e+02	  -3.9906481005626823e+01	
   1.0570000000000000e+02	  -3.5734459930683961e+01	
   1.0580000000000000e+02	  -3.3843531954168277e+01	
   1.0590000000000001e+02	  -3.6333278670553369e+01	
   1.0600000000000000e+02	  -3.4276279802605252e+01	
   1.0609999999999999e+02	  -3.9562163903457943e+01	
   1.0620000000000000e+02	  -3.6437728076665955e+01	
   1.0630000000000000e+02	  -4.0221129349321792e+01	
   1.0640000000000001e+02	  -3.9502048867840692e+01	
   1.0650000000000000e+02	  -4.1874954101035605e+01	
   1.0659999999999999e+02	  -3.6615153329882418e+01	
   1.0670000000000000e+02	  -3.4814074559110821e+01	
   1.0680000000000000e+02	  -3.6641943667670084e+01	
   1.0690000000000001e+02	  -3.6782941303691388e+01	
   1.0700000000000000e+02	  -3.8702316673847051e+01	
   1.0709999999999999e+02	  -4.0984319473971972e+01	
   1.0720000000000000e+02	  -4.1483138724443648e+01	
   1.0730000000000000e+02	  -4.1352426209532176e+01	
   1.0740000000000001e+02	  -3.6138248085747279e+01	
   1.0750000000000000e+02	  -4.2197626539646329e+01	
   1.0759999999999999e+02	  -3.9943996020750681e+01	
   1.0770000000000000e+02	  -4.2801388991028830e+01	
   1.0780000000000000e+02	  -4.1167519566520056e+01	
   1.0790000000000001e+02	  -4.3700053873598151e+01	
   1.0800000000000000e+02	  -4.2030481588948987e+01	
   1.0809999999999999e+02	  -3.8883568909328325e+01	
   1.0820000000000000e+02	  -3.8925928452173622e+01	
   1.0830000000000000e+02	  -3.8394021350092693e+01	
   1.0840000000000001e+02	  -4.1496730491639759e+01	
   1.0850000000000000e+02	  -3.9471708070026573e+01	
   1.0859999999999999e+02	  -4.0541647673307864e+01	
   1.0870000000000000e+02	  -4.6057161985853739e+01	
   1.0880000000000000e+02	  -4.5428600257432542e+01	
   1.0890000000000001e+02	  -4.4922299077873419e+01	
   1.0900000000000000e+02	  -4.5007670639389808e+01	
   1.0909999999999999e+02	  -4.5810788540096041e+01	
   1.0920000000000000e+02	  -4.5483840948875638e+01	
   1.0930000000000000e+02	  -4.5351323786753277e+01	
   1.0940000000000001e+02	  -4.0132345446058658e+01	
   1.0950000000000000e+02	  -4.5161483629232656e+01	
   1.0959999999999999e+02	  -4.5745393699868877e+01	
   1.0970000000000000e+02	  -4.5077139607445403e+01	
   1.0980000000000000e+02	  -4.6082690002892960e+01	
   1.0990000000000001e+02	  -4.2629598650771698e+01	
   1.1000000000000000e+02	  -4.5997089567704919e+01	
   1.1009999999999999e+02	  -4.8062250759464639e+01	
   1.1020000000000000e+02	  -4.4309844409227971e+01	
   1.1030000000000000e+02	  -4.6588455483806236e+01	
   1.1040000000000001e+02	  -4.6713858267042866e+01	
   1.1050000000000000e+02	  -4.9253654282285545e+01	
   1.1059999999999999e+02	  -4.3047904334792499e+01	
   1.1070000000000000e+02	  -4.6505108145474217e+01	
   1.1080000000000000e+02	  -4.9729870522580043e+01	
   1.1090000000000001e+02	  -4.3293375142160087e+01	
   1.1100000000000000e+02	  -4.8460561780957534e+01	
   1.1109999999999999e+02	  -4.5983921007952866e+01	
   1.1120000000000000e+02	  -4.5780323732833907e+01	
   1.1130000000000000e+02	  -4.9654660427192624e+01	
   1.1140000000000001e+02	  -4.3754061513052584e+01	
   1.1150000000000000e+02	  -4.6291619630366760e+01	
   1.1159999999999999e+02	  -4.7460004818711916e+01	
   1.1170000000000000e+02	  -4.5016006278157221e+01	
   1.1180000000000000e+02	  -4.7688146760682578e+01	
   1.1190000000000001e+02	  -5.2149524181248850e+01	
   1.1200000000000000e+02	  -4.8634858549058656e+01	
   1.1209999999999999e+02	  -4.6207421266136109e+01	
   1.1220000000000000e+02	  -4.6957640860600897e+01	
   1.1230000000000000e+02	  -4.8441095348601671e+01	
   1.1240000000000001e+02	  -5.3120869117271965e+01	
   1.1250000000000000e+02	  -4.7619122270247978e+01	
   1.1259999999999999e+02	  -4.9941969779644474e+01	
   1.1270000000000000e+02	  -4.8431861299903403e+01	
   1.1280000000000000e+02	  -4.7853935932951650e+01	
   1.1290000000000001e+02	  -4.7611890073394562e+01	
   1.1300000000000000e+02	  -5.3986147168752709e+01	
   1.1309999999999999e+02	  -4.8149831421227326e+01	
   1.1320000000000000e+02	  -5.0017929340847168e+01	
   1.1330000000000000e+02	  -5.4115548065339389e+01	
   1.1340000000000001e+02	  -5.2878636174516501e+01	
   1.1350000000000000e+02	  -5.3990484130659155e+01	
   1.1359999999999999e+02	  -5.0708216448886660e+01	
   1.1370000000000000e+02	  -5.1061420875759282e+01	
   1.1380000000000000e+02	  -5.5002536710138017e+01	
   1.1390000000000001e+02	  -4.7810470337586331e+01	
   1.1400000000000000e+02	  -5.3872532571529916e+01	
   1.1409999999999999e+02	  -5.3520258824024992e+01	
   1.1420000000000000e+02	  -5.3800899686881273e+01	
   1.1430000000000000e+02	  -5.6031319377508858e+01	
   1.1440000000000001e+02	  -5.2305259599626751e+01	
   1.1450000000000000e+02	  -5.4640489614780044e+01	
   1.1459999999999999e+02	  -5.3578544630215063e+01	
   1.1470000000000000e+02	  -4.9427035773352991e+01	
   1.1480000000000000e+02	  -4.9811155626447771e+01	
   1.1490000000000001e+02	  -5.6353072634320974e+01	
   1.1500000000000000e+02	  -5.2744432318403511e+01	
   1.1509999999999999e+02	  -5.4759090916809477e+01	
   1.1520000000000000e+02	  -5.2037516606819956e+01	
   1.1530000000000000e+02	  -5.3758571660915315e+01	
   1.1540000000000001e+02	  -5.6014584576431091e+01	
   1.1550000000000000e+02	  -5.4310388735672774e+01	
   1.1559999999999999e+02	  -5.1561366689758088e+01	
   1.1570000000000000e+02	  -5.2765171392289083e+01	
   1.1580000000000000e+02	  -5.7119242212145039e+01	
   1.1590000000000001e+02	  -5.7604873946307357e+01	
   1.1600000000000000e+02	  -5.6049724608001803e+01	
   1.1609999999999999e+02	  -5.2265050228731411e+01	
   1.1620000000000000e+02	  -5.3834150599117663e+01	
   1.1630000000000000e+02	  -5.4387019982979972e+01	
   1.1640000000000001e+02	  -5.8477692311155479e+01	
   1.1650000000000000e+02	  -5.9120858734145870e+01	
   1.1659999999999999e+02	  -5.2892432608021267e+01	
   1.1670000000000000e+02	  -5.6683803328610161e+01	
   1.1680000000000000e+02	  -5.6290878713279966e+01	
   1.1690000000000001e+02	  -5.6653853564608660e+01	
   1.1700000000000000e+02	  -5.6354623028865070e+01	
   1.1709999999999999e+02	  -5.8446981219102121e+01	
   1.1720000000000000e+02	  -5.8912503018558738e+01	
   1.1730000000000000e+02	  -5.3710382824971873e+01	
   1.1740000000000001e+02	  -5.3777897154133989e+01	
   1.1750000000000000e+02	  -5.6358458171267316e+01	
   1.1759999999999999e+02	  -5.8405137533458927e+01	
   1.1770000000000000e+02	  -5.6677035289865330e+01	
   1.1780000000000000e+02	  -5.6255891820301045e+01	
   1.1790000000000001e+02	  -5.4584604074160289e+01	
   1.1800000000000000e+02	  -6.1179056864051397e+01	
   1.1809999999999999e+02	  -5.7701577292591352e+01	
   1.1820000000000000e+02	  -5.8721272752691505e+01	
   1.1830000000000000e+02	  -5.7346147913071128e+01	
   1.1840000000000001e+02	  -5.7946162316540452e+01	
   1.1850000000000000e+02	  -6.0743445495275964e+01	
   1.1859999999999999e+02	  -6.1846463013616400e+01	
   1.1870000000000000e+02	  -6.2734451227975057e+01	
   1.1880000000000000e+02	  -6.2471982633571557e+01	
   1.1890000000000001e+02	  -6.0494208463143664e+01	
   1.1900000000000000e+02	  -5.6969113918010642e+01	
   1.1909999999999999e+02	  -6.0649874434589549e+01	
   1.1920000000000000e+02	  -5.8505208414828608e+01	
   1.1930000000000000e+02	  -5.5646001242195446e+01	
   1.1940000000000001e+02	  -5.8531645015125584e+01	
   1.1950000000000000e+02	  -5.9523359988188886e+01	
   1.1959999999999999e+02	  -6.2108675351718674e+01	
   1.1970000000000000e+02	  -5.8172471709525389e+01	
   1.1980000000000000e+02	  -5.7102874723272699e+01	
   1.1990000000000001e+02	  -5.7459302737155411e+01	
   1.2000000000000000e+02	  -5.9683492498924444e+01	
